0 247 2449887 53107036 117018964 165727258 202144760 221739418 228446512 228031443 213182068 0 191307095 171833219 151238882 127684700 106387611 86493929 0 68870389 53599729 41058319 31585971 0 24670726 19518040 16157223 13414136 0 11117066 9300671 78840 7537953 6477592 5719216 0 4944744 4241013 0 3675285 3367547 0 2845374 2365470 0 2034368 1715431 0 1552803 1272038 0 1142627 0 990047 929428 10262 759268 0 693110 0 591849 0 584994 6112 448326 407654 0 377420 0 322958 0 312456 0 297401 0 3977 230357 0 218650 0 191921 0 163476 0 183330 0 0 224358 0 162770 0 0 160708 0 131763 0 0 134976 0 177841 0 0 140196 0 0 159056 0 0 236790 0 0 217735 0 0 214030 0 0 214966 0 0 293435 0 0 0 349040 0 0 422294 0 0 0 463778 0 0 0 537536 0 0 0 616889 0 0 0 613687 0 0 0 802621 0 0 0 818156 0 0 0 0 950869 0 0 0 0 1284031 0 0 0 0 1277367 0 0 0 0 0 1627524 0 0 0 0 1721091 0 0 0 0 0 2060682 0 0 0 0 0 0 2293625 0 0 0 0 0 0 2497584 0 0 0 0 0 0 2962699 0 0 0 0 0 0 0 3071459 0 0 0 0 0 0 0 0 3229808 0 0 0 0 0 0 0 0 3223847 0 0 0 0 0 0 0 0 0 0 3461523 0 0 0 0 0 0 0 0 0 0 0 3122531 0 0 0 0 0 0 0 0 0 0 0 0 2922132 0 0 0 0 0 0 0 0 0 0 0 0 0 0 2493248 0 0 0 0 0 0 0 0 0 0 0 0 0 0 0 0 0 0 1717329 0 0 0 0 0 0 0 0 0 0 0 0 0 0 0 0 0 0 0 0 0 1003004 0 0 0 0 0 0 0 0 0 0 0 0 0 0 0 0 0 0 0 0 0 0 0 0 0 0 0 0 287787 0 0 0 0 0 0 0 0 0 0 0 0 0 0 0 0 0 0 0 0 0 0 0 0 0 0 0 0 0 0 0 0 0 0 0 0 0 0 0 75348 0 0 0 0 0 0 0 0
Total Counts for each Allele
C-A:545122477
C-G:545122484
C-T:545118135
G-A:545365563
G-C:545369718
G-T:545369854
T-A:785868603
T-C:785863343
T-G:785868273
A-C:784786915
A-G:784782018
A-T:784787144
N-A:10
N-C:24
N-T:18
N-G:23
