2450134 759737436 860967118 643638341 195114408 73760125 28034530 21382565 9888206 6115269 3967468 2689005 1869953 1239512 635414 531735 574047 407688 323478 266739 318037 159056 454525 428996 293435 771334 463778 537536 616889 1416308 818156 950869 1284031 1277367 1627524 1721091 0 2060682 2293625 2497584 0 2962699 3071459 0 3229808 0 3223847 0 3461523 0 0 3122531 0 2922132 0 0 2493248 0 0 0 1717329 0 0 0 1003004 0 0 0 0 0 287787 0 0 0 0 0 0 0 75348 0
Total Counts for each Allele
C-A:545122477
C-G:545122484
C-T:545118135
G-A:545365563
G-C:545369718
G-T:545369854
T-A:785868603
T-C:785863343
T-G:785868273
A-C:784786915
A-G:784782018
A-T:784787144
N-A:10
N-C:24
N-T:18
N-G:23
