TTC->TTT
306.9 12.3 2.6 1.6 1.5 1.6 1.7 1.7 1.5 1.3 1.0 0.8 0.6 0.4 0.2 0.1 0.1 0.0 0.0 0.0 0.0 0.0 0.0 0.0 0.0 0.0 0.0 0.0 0.0 0.0

TTT->TTC
115.1 9.1 2.7 1.1 0.6 0.4 0.4 0.4 0.5 0.5 0.4 0.3 0.2 0.1 0.1 0.1 0.1 0.1 0.1 0.1 0.1 0.1 0.1 0.1 0.0 0.0 0.0 0.0 0.0 0.0

TGC->TGT
272.5 14.4 3.1 1.1 0.7 0.8 0.8 0.8 0.7 0.6 0.5 0.5 0.4 0.4 0.3 0.2 0.2 0.1 0.1 0.1 0.1 0.2 0.2 0.1 0.1 0.1 0.0 0.0 0.0 0.0

TGT->TGC
100.6 5.6 1.5 0.8 0.7 0.8 0.9 0.9 0.8 0.6 0.4 0.2 0.1 0.1 0.0 0.0 0.0 0.0 0.0 0.0 0.0 0.0 0.0 0.0 0.0 0.0 0.0 0.0 0.0 0.0

AAA->AAG
95.7 4.1 1.3 0.9 0.8 0.8 0.7 0.6 0.5 0.3 0.2 0.1 0.1 0.0 0.0 0.0 0.0 0.0 0.0 0.0 0.0 0.0 0.0 0.0 0.0 0.0 0.0 0.0 0.0 0.0

AAG->AAA
276.5 11.3 2.7 1.4 0.9 0.7 0.6 0.5 0.4 0.4 0.3 0.2 0.1 0.1 0.0 0.0 0.0 0.0 0.0 0.0 0.0 0.0 0.0 0.0 0.0 0.0 0.0 0.0 0.0 0.0

TAC->TAT
269.1 13.2 3.2 1.5 1.0 0.8 0.7 0.7 0.6 0.5 0.4 0.4 0.3 0.2 0.1 0.1 0.0 0.0 0.0 0.0 0.0 0.0 0.0 0.1 0.1 0.2 0.2 0.2 0.1 0.0

TAT->TAC
152.6 9.2 3.0 1.4 0.6 0.3 0.2 0.2 0.3 0.4 0.4 0.4 0.4 0.3 0.2 0.2 0.1 0.1 0.1 0.2 0.2 0.1 0.1 0.2 0.2 0.2 0.2 0.2 0.1 0.0

CAC->CAT
259.6 11.9 4.0 2.6 1.9 1.4 1.1 0.8 0.6 0.4 0.3 0.2 0.1 0.1 0.1 0.1 0.1 0.1 0.1 0.1 0.1 0.0 0.0 0.0 0.0 0.0 0.0 0.0 0.0 0.0

CAT->CAC
101.1 6.0 1.8 0.7 0.2 0.1 0.0 0.0 0.0 0.0 0.1 0.1 0.1 0.1 0.1 0.1 0.1 0.1 0.0 0.0 0.0 0.0 0.0 0.0 0.0 0.0 0.0 0.0 0.0 0.0

CAA->CAG
215.7 11.2 4.0 2.3 1.4 0.9 0.7 0.7 0.7 0.6 0.6 0.5 0.4 0.3 0.2 0.2 0.2 0.2 0.2 0.1 0.1 0.1 0.0 0.0 0.0 0.0 0.0 0.0 0.0 0.0

CAG->CAA
307.6 15.0 5.2 3.1 2.0 1.3 0.8 0.5 0.4 0.3 0.4 0.5 0.6 0.7 0.7 0.6 0.5 0.3 0.2 0.1 0.1 0.0 0.0 0.0 0.0 0.0 0.0 0.0 0.0 0.0

GAA->GAG
132.5 5.6 2.2 1.4 0.9 0.6 0.5 0.5 0.5 0.4 0.3 0.3 0.2 0.2 0.2 0.2 0.2 0.1 0.1 0.1 0.1 0.0 0.0 0.0 0.0 0.0 0.0 0.0 0.0 0.0

GAG->GAA
300.4 13.8 3.6 1.8 1.2 1.0 0.8 0.8 0.7 0.7 0.6 0.6 0.6 0.6 0.6 0.6 0.5 0.4 0.3 0.2 0.1 0.1 0.0 0.0 0.0 0.0 0.0 0.0 0.0 0.0

AAC->AAT
323.7 14.8 3.9 1.8 1.0 0.6 0.4 0.3 0.3 0.3 0.3 0.4 0.5 0.6 0.6 0.5 0.5 0.4 0.4 0.3 0.3 0.3 0.3 0.2 0.1 0.1 0.0 0.0 0.0 0.0

AAT->AAC
146.7 8.4 2.3 1.0 0.8 0.8 0.9 1.0 0.9 0.8 0.7 0.6 0.5 0.4 0.4 0.3 0.2 0.1 0.1 0.0 0.0 0.0 0.0 0.0 0.0 0.0 0.0 0.0 0.0 0.0

GAC->GAT
385.6 17.2 5.0 2.6 1.9 1.5 1.3 1.0 0.8 0.7 0.6 0.6 0.5 0.5 0.4 0.3 0.2 0.1 0.1 0.0 0.0 0.0 0.0 0.0 0.0 0.0 0.0 0.0 0.0 0.0

GAT->GAC
131.6 6.2 1.7 0.8 0.5 0.5 0.5 0.5 0.5 0.5 0.4 0.4 0.3 0.3 0.2 0.2 0.2 0.2 0.2 0.1 0.1 0.1 0.0 0.0 0.0 0.0 0.0 0.0 0.0 0.0

ATC->ATT
285.8 12.6 3.7 2.2 1.6 1.3 1.2 1.1 1.0 0.8 0.6 0.4 0.3 0.2 0.1 0.0 0.0 0.1 0.1 0.2 0.2 0.3 0.3 0.3 0.2 0.2 0.1 0.0 0.0 0.0

ATT->ATC
80.2 2.6 0.8 0.6 0.7 0.6 0.5 0.4 0.3 0.2 0.1 0.1 0.1 0.1 0.1 0.1 0.1 0.1 0.1 0.1 0.1 0.0 0.0 0.0 0.0 0.0 0.0 0.0 0.0 0.0

GGC->GGT
267.8 16.3 4.7 2.4 1.7 1.2 0.9 0.6 0.4 0.3 0.2 0.2 0.1 0.1 0.1 0.2 0.2 0.3 0.3 0.3 0.2 0.2 0.2 0.2 0.2 0.2 0.2 0.1 0.1 0.0

GGT->GGC
66.9 3.5 1.1 0.6 0.4 0.4 0.4 0.3 0.2 0.1 0.1 0.0 0.0 0.0 0.0 0.0 0.0 0.0 0.0 0.0 0.0 0.0 0.0 0.0 0.0 0.0 0.0 0.0 0.0 0.0

GCC->GCT
384.2 22.4 7.5 4.1 2.7 2.0 1.7 1.4 1.3 1.2 1.0 0.9 0.7 0.6 0.4 0.3 0.2 0.1 0.1 0.0 0.0 0.0 0.0 0.0 0.0 0.0 0.0 0.0 0.0 0.2

GCT->GCC
98.5 4.0 1.1 0.6 0.4 0.2 0.1 0.1 0.1 0.1 0.1 0.2 0.2 0.1 0.1 0.1 0.1 0.2 0.2 0.1 0.1 0.1 0.0 0.0 0.0 0.0 0.0 0.0 0.0 0.0

CTG->TTG
299.7 15.7 4.2 2.1 1.4 1.0 0.9 0.8 0.8 0.7 0.6 0.4 0.3 0.2 0.2 0.2 0.2 0.2 0.2 0.2 0.2 0.2 0.2 0.2 0.1 0.1 0.0 0.0 0.0 0.0

TTG->CTG
180.5 10.0 3.1 1.6 1.1 1.0 1.0 0.9 0.9 0.8 0.7 0.6 0.5 0.4 0.3 0.2 0.2 0.2 0.2 0.2 0.2 0.1 0.1 0.1 0.1 0.2 0.2 0.2 0.2 0.1

GTA->GTG
80.1 2.3 0.6 0.5 0.3 0.2 0.1 0.2 0.2 0.2 0.2 0.2 0.2 0.2 0.2 0.1 0.1 0.0 0.0 0.0 0.0 0.0 0.0 0.0 0.0 0.0 0.0 0.0 0.0 0.0

GTG->GTA
284.3 13.3 4.8 3.1 2.4 2.0 1.6 1.3 0.9 0.6 0.4 0.3 0.2 0.2 0.2 0.2 0.2 0.2 0.2 0.2 0.2 0.1 0.1 0.0 0.0 0.0 0.0 0.0 0.0 0.0

CTA->CTG
116.4 3.2 0.8 0.4 0.3 0.2 0.2 0.2 0.2 0.2 0.2 0.1 0.2 0.2 0.1 0.1 0.1 0.1 0.0 0.0 0.0 0.0 0.0 0.0 0.0 0.0 0.0 0.0 0.0 0.0

CTG->CTA
267.1 14.7 5.1 2.8 1.8 1.3 1.1 1.0 0.9 0.8 0.6 0.4 0.3 0.2 0.2 0.2 0.1 0.1 0.1 0.1 0.1 0.1 0.1 0.1 0.2 0.2 0.2 0.1 0.0 0.0

ACC->ACT
327.5 16.3 5.0 3.5 2.9 2.4 1.9 1.4 1.0 0.7 0.5 0.4 0.4 0.4 0.4 0.3 0.3 0.3 0.3 0.2 0.2 0.2 0.2 0.2 0.1 0.1 0.0 0.0 0.0 0.0

ACT->ACC
130.8 5.6 1.7 1.1 0.9 0.7 0.5 0.4 0.4 0.3 0.2 0.2 0.1 0.1 0.1 0.1 0.2 0.2 0.3 0.3 0.3 0.2 0.1 0.1 0.0 0.0 0.0 0.0 0.0 0.0

CCA->CCG
190.0 8.6 2.1 1.4 1.3 1.2 1.1 0.8 0.6 0.4 0.2 0.2 0.1 0.1 0.1 0.2 0.2 0.2 0.2 0.2 0.2 0.2 0.1 0.1 0.0 0.0 0.0 0.0 0.0 0.0

CCG->CCA
591.7 33.6 9.6 5.1 3.3 2.5 2.2 2.1 2.0 1.9 1.7 1.5 1.3 1.1 1.0 0.8 0.8 0.7 0.7 0.7 0.7 0.6 0.5 0.4 0.2 0.1 0.1 0.0 0.0 0.0

CCC->CCT
383.7 17.2 5.2 3.0 2.1 1.5 1.3 1.1 1.0 1.0 1.0 0.9 0.8 0.6 0.4 0.3 0.2 0.2 0.2 0.1 0.1 0.1 0.0 0.0 0.0 0.0 0.0 0.0 0.0 0.0

CCT->CCC
102.3 5.2 1.4 0.8 0.5 0.4 0.3 0.2 0.2 0.2 0.2 0.2 0.2 0.2 0.2 0.2 0.2 0.2 0.1 0.2 0.2 0.2 0.2 0.2 0.2 0.2 0.2 0.2 0.2 0.1

CGC->CGT
114.6 5.4 1.5 1.0 0.8 0.7 0.5 0.5 0.4 0.3 0.2 0.1 0.1 0.0 0.0 0.0 0.0 0.0 0.0 0.0 0.0 0.0 0.0 0.0 0.0 0.0 0.0 0.0 0.0 0.0

CGT->CGC
27.5 1.4 0.2 0.0 0.0 0.0 0.0 0.0 0.0 0.0 0.1 0.1 0.1 0.1 0.1 0.1 0.1 0.1 0.0 0.0 0.0 0.0 0.0 0.0 0.0 0.0 0.0 0.0 0.0 0.0

ACA->ACG
210.5 10.6 3.2 1.9 1.3 0.8 0.5 0.3 0.2 0.2 0.1 0.1 0.1 0.1 0.1 0.1 0.1 0.1 0.1 0.1 0.1 0.1 0.0 0.0 0.0 0.1 0.2 0.3 0.4 0.6

ACG->ACA
573.2 26.4 8.0 4.9 3.7 3.1 2.8 2.6 2.4 2.2 1.8 1.5 1.1 0.9 0.7 0.5 0.5 0.5 0.5 0.6 0.6 0.6 0.6 0.5 0.4 0.2 0.1 0.1 0.0 0.0

TCC->TCT
427.6 20.2 5.2 2.6 1.7 1.5 1.6 1.7 1.8 1.8 1.6 1.5 1.3 1.2 1.0 0.8 0.7 0.5 0.3 0.2 0.1 0.0 0.0 0.0 0.0 0.0 0.0 0.0 0.0 0.0

TCT->TCC
151.2 8.8 2.4 0.9 0.4 0.3 0.3 0.3 0.4 0.4 0.4 0.4 0.3 0.2 0.1 0.1 0.0 0.0 0.0 0.0 0.0 0.0 0.0 0.0 0.0 0.1 0.1 0.2 0.3 0.2

GTC->GTT
176.3 5.9 0.8 0.3 0.3 0.4 0.5 0.6 0.6 0.5 0.5 0.4 0.3 0.3 0.2 0.2 0.2 0.2 0.1 0.1 0.1 0.1 0.0 0.0 0.0 0.0 0.0 0.0 0.0 0.0

GTT->GTC
48.7 2.2 0.6 0.4 0.4 0.4 0.4 0.3 0.2 0.1 0.1 0.0 0.0 0.0 0.0 0.0 0.0 0.0 0.0 0.0 0.0 0.0 0.0 0.0 0.0 0.0 0.0 0.0 0.0 0.0

AGC->AGT
321.5 15.7 4.8 2.7 1.9 1.5 1.3 1.1 1.0 0.8 0.7 0.5 0.4 0.3 0.3 0.2 0.2 0.2 0.2 0.3 0.3 0.3 0.3 0.2 0.1 0.1 0.0 0.0 0.0 0.0

AGT->AGC
87.0 2.8 1.1 0.9 0.6 0.4 0.2 0.1 0.0 0.0 0.1 0.1 0.1 0.1 0.1 0.1 0.1 0.1 0.1 0.1 0.1 0.2 0.2 0.3 0.3 0.3 0.2 0.1 0.1 0.0

CTC->CTT
258.8 12.2 3.9 2.3 1.6 1.3 1.0 0.8 0.6 0.5 0.4 0.3 0.2 0.2 0.2 0.2 0.2 0.3 0.2 0.2 0.2 0.1 0.1 0.0 0.0 0.0 0.0 0.0 0.0 0.0

CTT->CTC
49.8 1.9 0.3 0.0 0.0 0.0 0.0 0.0 0.0 0.0 0.1 0.1 0.1 0.1 0.1 0.1 0.1 0.1 0.0 0.0 0.0 0.0 0.0 0.0 0.0 0.0 0.0 0.0 0.0 0.0

GCA->GCG
147.3 6.2 1.2 0.5 0.3 0.2 0.2 0.2 0.2 0.3 0.3 0.3 0.3 0.2 0.1 0.1 0.1 0.0 0.0 0.0 0.0 0.0 0.1 0.1 0.2 0.2 0.2 0.1 0.1 0.0

GCG->GCA
505.1 24.5 7.3 4.1 2.8 2.3 1.9 1.6 1.3 1.0 0.8 0.6 0.5 0.4 0.4 0.4 0.4 0.5 0.6 0.6 0.6 0.5 0.4 0.2 0.1 0.0 0.0 0.0 0.0 0.0

GTG->GTT
48.9 2.2 0.7 0.4 0.2 0.2 0.2 0.1 0.1 0.0 0.0 0.0 0.0 0.0 0.0 0.0 0.0 0.0 0.0 0.0 0.0 0.0 0.0 0.0 0.0 0.0 0.0 0.0 0.0 0.0

GTT->GTG
16.7 0.9 0.2 0.1 0.0 0.0 0.0 0.0 0.0 0.0 0.1 0.2 0.2 0.3 0.3 0.3 0.2 0.2 0.1 0.1 0.0 0.0 0.0 0.0 0.0 0.0 0.0 0.0 0.0 0.0

CGA->CGG
28.4 1.7 0.6 0.2 0.1 0.0 0.0 0.0 0.0 0.0 0.0 0.0 0.0 0.0 0.0 0.0 0.0 0.0 0.0 0.0 0.0 0.0 0.0 0.0 0.0 0.0 0.0 0.0 0.0 0.0

CGG->CGA
79.8 4.7 1.2 0.3 0.1 0.0 0.0 0.0 0.0 0.0 0.0 0.0 0.0 0.0 0.0 0.0 0.0 0.0 0.0 0.0 0.0 0.0 0.0 0.0 0.0 0.0 0.0 0.0 0.0 0.0

CCA->CCC
30.1 1.8 0.6 0.3 0.2 0.1 0.2 0.2 0.2 0.1 0.1 0.1 0.1 0.1 0.1 0.1 0.1 0.1 0.1 0.0 0.0 0.0 0.0 0.0 0.0 0.0 0.0 0.0 0.0 0.0

CCC->CCA
47.0 2.3 0.9 0.5 0.2 0.1 0.0 0.0 0.0 0.0 0.0 0.1 0.1 0.1 0.2 0.2 0.2 0.2 0.2 0.2 0.2 0.2 0.1 0.1 0.1 0.0 0.0 0.0 0.0 0.0

GGA->GGC
18.3 0.6 0.1 0.1 0.2 0.2 0.2 0.1 0.1 0.1 0.1 0.1 0.1 0.1 0.1 0.1 0.0 0.0 0.0 0.0 0.0 0.0 0.0 0.0 0.0 0.0 0.0 0.0 0.0 0.0

GGC->GGA
58.5 2.6 0.8 0.4 0.3 0.2 0.1 0.1 0.0 0.0 0.0 0.1 0.1 0.1 0.1 0.1 0.1 0.1 0.1 0.0 0.0 0.0 0.0 0.0 0.0 0.0 0.0 0.0 0.0 0.0

AGA->AGG
81.8 3.0 0.4 0.2 0.2 0.3 0.3 0.3 0.3 0.3 0.3 0.3 0.3 0.3 0.3 0.3 0.3 0.3 0.2 0.2 0.1 0.1 0.0 0.0 0.0 0.0 0.0 0.0 0.0 0.0

AGG->AGA
227.5 10.3 4.6 4.0 3.6 3.0 2.3 1.7 1.2 0.8 0.6 0.4 0.3 0.3 0.2 0.1 0.1 0.0 0.0 0.0 0.0 0.0 0.1 0.1 0.2 0.2 0.2 0.1 0.1 0.0

TCA->TCG
166.5 7.2 2.1 0.8 0.3 0.2 0.2 0.2 0.2 0.2 0.2 0.2 0.3 0.3 0.3 0.3 0.3 0.3 0.2 0.2 0.2 0.1 0.1 0.1 0.0 0.0 0.0 0.0 0.0 0.0

TCG->TCA
589.1 28.6 8.0 4.5 2.9 2.0 1.3 0.8 0.4 0.2 0.1 0.1 0.1 0.2 0.2 0.3 0.4 0.4 0.4 0.3 0.3 0.2 0.1 0.1 0.2 0.2 0.2 0.2 0.1 0.0

GCA->GCC
30.8 1.1 0.1 0.1 0.2 0.2 0.3 0.3 0.3 0.2 0.1 0.1 0.0 0.0 0.0 0.0 0.0 0.0 0.0 0.0 0.0 0.0 0.0 0.0 0.0 0.0 0.0 0.0 0.0 0.0

GCC->GCA
37.3 1.5 0.3 0.2 0.2 0.2 0.1 0.1 0.0 0.0 0.0 0.0 0.0 0.0 0.0 0.0 0.0 0.0 0.0 0.0 0.0 0.0 0.0 0.0 0.0 0.0 0.0 0.0 0.0 0.0

GGA->GGG
76.6 4.3 2.0 1.1 0.7 0.6 0.5 0.5 0.4 0.4 0.4 0.3 0.3 0.2 0.2 0.1 0.1 0.1 0.0 0.0 0.0 0.0 0.0 0.0 0.0 0.0 0.0 0.0 0.0 0.0

GGG->GGA
208.8 12.0 4.1 2.8 2.5 2.2 1.9 1.6 1.3 1.1 0.9 0.7 0.5 0.3 0.2 0.1 0.1 0.0 0.0 0.0 0.0 0.0 0.0 0.0 0.0 0.0 0.0 0.0 0.0 0.0

ATA->ATC
11.5 0.4 0.0 0.0 0.0 0.0 0.0 0.0 0.0 0.0 0.0 0.0 0.0 0.0 0.0 0.0 0.0 0.0 0.0 0.0 0.0 0.0 0.0 0.0 0.0 0.0 0.0 0.0 0.0 0.0

ATC->ATA
54.0 1.9 0.4 0.3 0.2 0.1 0.1 0.0 0.1 0.1 0.1 0.1 0.1 0.1 0.1 0.1 0.0 0.0 0.0 0.0 0.0 0.0 0.0 0.0 0.0 0.0 0.0 0.0 0.0 0.0

ACA->ACC
32.0 2.2 0.9 0.6 0.5 0.4 0.2 0.1 0.1 0.0 0.0 0.0 0.0 0.0 0.0 0.0 0.1 0.1 0.1 0.1 0.2 0.1 0.1 0.1 0.0 0.0 0.0 0.0 0.0 0.0

ACC->ACA
62.4 2.1 0.4 0.1 0.0 0.0 0.0 0.0 0.0 0.0 0.0 0.0 0.0 0.0 0.0 0.0 0.0 0.0 0.0 0.0 0.0 0.0 0.0 0.0 0.0 0.0 0.0 0.0 0.0 0.0

TTA->TTG
70.4 3.5 1.0 0.7 0.5 0.4 0.2 0.1 0.1 0.0 0.0 0.0 0.0 0.0 0.0 0.1 0.1 0.1 0.1 0.1 0.1 0.1 0.1 0.0 0.0 0.0 0.0 0.0 0.0 0.0

TTG->TTA
178.5 9.2 2.7 1.4 0.9 0.6 0.4 0.2 0.1 0.0 0.0 0.0 0.0 0.0 0.0 0.0 0.0 0.0 0.0 0.0 0.0 0.0 0.0 0.0 0.0 0.0 0.0 0.0 0.0 0.0

ATA->ATT
9.9 0.2 0.0 0.1 0.1 0.2 0.2 0.1 0.1 0.1 0.0 0.0 0.0 0.0 0.0 0.0 0.0 0.0 0.0 0.0 0.0 0.0 0.0 0.0 0.0 0.0 0.0 0.0 0.0 0.0

ATT->ATA
18.7 1.1 0.2 0.1 0.1 0.1 0.2 0.2 0.2 0.1 0.1 0.0 0.0 0.0 0.0 0.0 0.0 0.0 0.0 0.0 0.0 0.0 0.0 0.0 0.0 0.0 0.0 0.0 0.0 0.0

CTG->CTT
62.8 1.6 0.6 0.6 0.6 0.4 0.2 0.1 0.1 0.1 0.1 0.1 0.2 0.3 0.4 0.4 0.4 0.4 0.4 0.3 0.3 0.2 0.2 0.1 0.1 0.0 0.0 0.0 0.0 0.0

CTT->CTG
23.6 0.9 0.3 0.1 0.1 0.0 0.1 0.1 0.1 0.2 0.1 0.1 0.1 0.1 0.0 0.0 0.0 0.0 0.0 0.0 0.0 0.0 0.0 0.0 0.0 0.0 0.0 0.0 0.0 0.0

GGA->GGT
32.2 1.2 0.3 0.1 0.0 0.0 0.0 0.0 0.0 0.0 0.0 0.0 0.0 0.0 0.0 0.0 0.0 0.0 0.0 0.0 0.0 0.0 0.0 0.0 0.0 0.0 0.0 0.0 0.0 0.0

GGT->GGA
8.6 0.3 0.0 0.0 0.0 0.0 0.0 0.0 0.0 0.0 0.0 0.0 0.0 0.0 0.0 0.0 0.0 0.0 0.0 0.0 0.0 0.0 0.0 0.0 0.0 0.0 0.0 0.0 0.0 0.0

CCC->CCG
59.3 2.6 0.7 0.3 0.1 0.0 0.0 0.0 0.0 0.1 0.1 0.1 0.1 0.1 0.1 0.1 0.1 0.0 0.0 0.0 0.0 0.0 0.0 0.0 0.0 0.0 0.0 0.0 0.0 0.0

CCG->CCC
16.4 1.0 0.4 0.1 0.0 0.0 0.0 0.0 0.0 0.0 0.0 0.0 0.0 0.0 0.0 0.0 0.0 0.0 0.0 0.0 0.0 0.0 0.0 0.0 0.0 0.0 0.0 0.0 0.0 0.0

GTC->GTG
23.9 1.4 0.4 0.1 0.0 0.0 0.0 0.0 0.0 0.0 0.0 0.0 0.0 0.0 0.0 0.1 0.1 0.1 0.1 0.1 0.1 0.1 0.1 0.0 0.0 0.0 0.0 0.0 0.0 0.0

GTG->GTC
29.1 2.0 0.6 0.3 0.2 0.2 0.2 0.2 0.1 0.1 0.0 0.0 0.0 0.0 0.0 0.0 0.0 0.0 0.0 0.0 0.0 0.0 0.0 0.0 0.0 0.0 0.0 0.0 0.0 0.0

CGA->CGC
6.8 0.6 0.3 0.2 0.1 0.0 0.0 0.0 0.0 0.0 0.0 0.0 0.0 0.0 0.0 0.0 0.0 0.0 0.0 0.0 0.0 0.0 0.0 0.0 0.0 0.0 0.0 0.0 0.0 0.0

CGC->CGA
17.7 0.6 0.3 0.2 0.1 0.0 0.0 0.0 0.0 0.0 0.0 0.0 0.0 0.0 0.0 0.0 0.0 0.0 0.0 0.0 0.0 0.0 0.0 0.0 0.0 0.0 0.0 0.0 0.0 0.0

CTC->CTG
75.5 3.0 0.5 0.2 0.2 0.2 0.2 0.1 0.1 0.2 0.2 0.2 0.3 0.3 0.3 0.3 0.3 0.2 0.2 0.2 0.1 0.1 0.0 0.0 0.0 0.0 0.0 0.0 0.0 0.0

CTG->CTC
69.8 2.4 0.5 0.2 0.1 0.0 0.0 0.0 0.0 0.0 0.0 0.1 0.1 0.1 0.1 0.1 0.1 0.1 0.1 0.1 0.1 0.1 0.2 0.2 0.2 0.1 0.1 0.0 0.0 0.0

ACC->ACG
59.1 2.6 0.9 0.5 0.4 0.4 0.4 0.4 0.4 0.3 0.2 0.2 0.2 0.2 0.2 0.2 0.1 0.1 0.1 0.0 0.0 0.0 0.0 0.0 0.0 0.0 0.0 0.0 0.0 0.0

ACG->ACC
20.2 1.3 0.5 0.3 0.2 0.2 0.1 0.1 0.0 0.0 0.0 0.0 0.0 0.0 0.0 0.0 0.0 0.0 0.0 0.0 0.0 0.0 0.0 0.0 0.0 0.0 0.0 0.0 0.0 0.0

ACA->ACT
25.0 0.9 0.1 0.0 0.0 0.0 0.0 0.0 0.0 0.0 0.0 0.0 0.0 0.0 0.0 0.0 0.0 0.0 0.0 0.0 0.0 0.0 0.0 0.0 0.0 0.0 0.0 0.0 0.0 0.0

ACT->ACA
20.5 1.1 0.3 0.1 0.0 0.0 0.0 0.0 0.0 0.0 0.0 0.0 0.0 0.0 0.0 0.0 0.0 0.0 0.0 0.0 0.0 0.0 0.0 0.0 0.0 0.0 0.0 0.0 0.0 0.0

GCC->GCG
45.7 2.6 0.9 0.4 0.2 0.1 0.0 0.0 0.0 0.0 0.0 0.0 0.0 0.0 0.0 0.0 0.0 0.0 0.0 0.0 0.0 0.0 0.0 0.0 0.0 0.0 0.0 0.0 0.0 0.0

GCG->GCC
11.3 0.7 0.2 0.2 0.2 0.2 0.1 0.1 0.0 0.0 0.0 0.0 0.0 0.0 0.0 0.0 0.0 0.0 0.0 0.0 0.0 0.0 0.0 0.0 0.0 0.0 0.0 0.0 0.0 0.0

TCA->TCC
25.6 1.2 0.1 0.0 0.0 0.0 0.0 0.0 0.0 0.0 0.0 0.0 0.0 0.0 0.0 0.0 0.0 0.0 0.0 0.0 0.0 0.0 0.0 0.0 0.0 0.0 0.0 0.0 0.0 0.0

TCC->TCA
29.4 3.0 1.0 0.4 0.2 0.1 0.1 0.1 0.1 0.1 0.2 0.1 0.1 0.1 0.1 0.0 0.0 0.0 0.0 0.0 0.0 0.0 0.0 0.0 0.0 0.0 0.0 0.0 0.0 0.0

ACG->ACT
25.9 1.7 0.3 0.1 0.0 0.0 0.0 0.0 0.0 0.0 0.0 0.0 0.0 0.0 0.0 0.0 0.0 0.0 0.0 0.0 0.0 0.0 0.0 0.0 0.0 0.0 0.0 0.0 0.0 0.0

ACT->ACG
23.0 0.9 0.1 0.0 0.0 0.0 0.0 0.0 0.0 0.0 0.0 0.0 0.0 0.0 0.0 0.0 0.0 0.0 0.0 0.0 0.0 0.0 0.0 0.0 0.0 0.0 0.0 0.0 0.0 0.0

CGC->CGG
10.3 0.6 0.1 0.0 0.0 0.0 0.0 0.0 0.0 0.0 0.0 0.0 0.0 0.0 0.0 0.0 0.0 0.0 0.0 0.0 0.0 0.0 0.0 0.0 0.0 0.0 0.0 0.0 0.0 0.0

CGG->CGC
14.3 1.3 0.3 0.1 0.0 0.0 0.0 0.0 0.0 0.0 0.0 0.0 0.0 0.0 0.0 0.0 0.0 0.0 0.0 0.0 0.0 0.0 0.0 0.0 0.0 0.0 0.0 0.0 0.0 0.0

CCG->CCT
52.0 3.5 0.9 0.4 0.2 0.1 0.1 0.1 0.1 0.2 0.1 0.1 0.1 0.0 0.0 0.0 0.0 0.0 0.0 0.0 0.0 0.0 0.0 0.0 0.0 0.0 0.0 0.0 0.0 0.0

CCT->CCG
47.2 1.6 0.5 0.3 0.2 0.1 0.1 0.0 0.0 0.0 0.0 0.0 0.0 0.0 0.0 0.0 0.0 0.0 0.0 0.1 0.1 0.1 0.2 0.2 0.1 0.1 0.0 0.0 0.0 0.0

GCA->GCT
9.5 1.0 0.3 0.1 0.0 0.0 0.0 0.0 0.1 0.1 0.2 0.2 0.2 0.2 0.2 0.2 0.2 0.1 0.1 0.0 0.0 0.0 0.0 0.0 0.0 0.0 0.0 0.0 0.0 0.0

GCT->GCA
17.7 0.3 0.0 0.0 0.0 0.0 0.0 0.0 0.0 0.0 0.0 0.0 0.0 0.0 0.0 0.0 0.0 0.0 0.0 0.0 0.0 0.0 0.0 0.0 0.0 0.0 0.0 0.0 0.0 0.0

TCC->TCG
46.8 1.9 0.6 0.3 0.2 0.1 0.0 0.0 0.0 0.0 0.0 0.0 0.0 0.0 0.0 0.0 0.0 0.0 0.0 0.0 0.0 0.0 0.0 0.0 0.0 0.0 0.0 0.0 0.0 0.0

TCG->TCC
31.0 1.2 0.6 0.4 0.3 0.2 0.1 0.1 0.0 0.0 0.0 0.0 0.0 0.0 0.0 0.0 0.0 0.0 0.0 0.0 0.0 0.0 0.0 0.0 0.0 0.0 0.0 0.0 0.0 0.0

CCA->CCT
18.4 0.9 0.4 0.3 0.3 0.2 0.2 0.1 0.1 0.0 0.0 0.0 0.0 0.0 0.0 0.0 0.0 0.0 0.0 0.0 0.0 0.0 0.0 0.0 0.0 0.0 0.0 0.0 0.0 0.0

CCT->CCA
17.8 1.0 0.2 0.1 0.1 0.2 0.2 0.2 0.1 0.1 0.0 0.0 0.0 0.0 0.0 0.0 0.0 0.0 0.0 0.0 0.0 0.0 0.0 0.0 0.0 0.0 0.0 0.0 0.0 0.0

GGC->GGG
27.5 1.4 0.1 0.0 0.0 0.0 0.0 0.0 0.0 0.0 0.0 0.0 0.0 0.0 0.0 0.0 0.0 0.0 0.0 0.0 0.0 0.0 0.0 0.0 0.0 0.0 0.0 0.0 0.0 0.0

GGG->GGC
36.5 1.8 0.5 0.2 0.1 0.1 0.2 0.3 0.4 0.4 0.4 0.4 0.4 0.4 0.3 0.2 0.2 0.1 0.1 0.0 0.0 0.0 0.0 0.0 0.0 0.0 0.0 0.0 0.0 0.0

CTA->TTA
87.9 5.0 1.5 1.0 1.0 1.0 1.1 1.0 0.9 0.8 0.7 0.6 0.4 0.4 0.3 0.2 0.1 0.1 0.0 0.0 0.0 0.0 0.0 0.0 0.0 0.0 0.0 0.0 0.0 0.0

TTA->CTA
30.5 1.4 0.7 0.3 0.1 0.0 0.0 0.0 0.0 0.0 0.0 0.0 0.0 0.1 0.1 0.1 0.1 0.1 0.1 0.1 0.1 0.0 0.0 0.0 0.0 0.0 0.0 0.0 0.0 0.0

GCG->GCT
19.9 0.9 0.2 0.1 0.1 0.2 0.2 0.2 0.1 0.1 0.0 0.0 0.0 0.0 0.0 0.0 0.0 0.0 0.0 0.0 0.0 0.0 0.0 0.0 0.0 0.0 0.0 0.0 0.0 0.0

GCT->GCG
22.3 0.8 0.3 0.3 0.3 0.3 0.2 0.2 0.2 0.1 0.1 0.0 0.0 0.0 0.0 0.0 0.0 0.0 0.0 0.0 0.0 0.0 0.0 0.0 0.0 0.0 0.0 0.0 0.0 0.0

AGG->CGG
36.5 1.4 0.2 0.1 0.1 0.1 0.2 0.2 0.2 0.2 0.2 0.2 0.2 0.1 0.1 0.1 0.0 0.0 0.0 0.0 0.0 0.0 0.0 0.0 0.0 0.0 0.0 0.0 0.0 0.0

CGG->AGG
43.7 3.0 1.0 0.5 0.3 0.2 0.1 0.1 0.0 0.0 0.0 0.1 0.1 0.1 0.1 0.1 0.1 0.1 0.1 0.0 0.0 0.0 0.0 0.0 0.0 0.0 0.0 0.0 0.0 0.0

AGA->CGA
38.2 1.7 0.4 0.3 0.2 0.1 0.1 0.0 0.0 0.0 0.0 0.1 0.1 0.1 0.1 0.1 0.1 0.1 0.1 0.0 0.0 0.0 0.0 0.0 0.0 0.0 0.0 0.0 0.0 0.0

CGA->AGA
39.2 0.9 0.3 0.4 0.4 0.3 0.2 0.1 0.1 0.0 0.0 0.0 0.0 0.0 0.0 0.0 0.0 0.0 0.0 0.0 0.0 0.0 0.0 0.0 0.0 0.0 0.0 0.0 0.0 0.0

CGG->CGT
23.5 0.5 0.0 0.0 0.0 0.0 0.0 0.0 0.0 0.0 0.0 0.0 0.0 0.0 0.0 0.0 0.0 0.0 0.0 0.0 0.0 0.0 0.0 0.0 0.0 0.0 0.0 0.0 0.0 0.0

CGT->CGG
2.0 0.0 0.0 0.0 0.0 0.0 0.0 0.0 0.0 0.0 0.0 0.0 0.0 0.0 0.0 0.0 0.0 0.0 0.0 0.0 0.0 0.0 0.0 0.0 0.0 0.0 0.0 0.0 0.0 0.0

CGA->CGT
2.9 0.1 0.0 0.0 0.0 0.0 0.0 0.0 0.0 0.0 0.0 0.0 0.0 0.0 0.0 0.0 0.0 0.0 0.0 0.0 0.0 0.0 0.0 0.0 0.0 0.0 0.0 0.0 0.0 0.0

CGT->CGA
4.8 0.2 0.0 0.0 0.1 0.1 0.2 0.2 0.3 0.3 0.2 0.2 0.1 0.1 0.1 0.0 0.0 0.0 0.0 0.0 0.0 0.0 0.0 0.0 0.0 0.0 0.0 0.0 0.0 0.0

GTA->GTT
12.8 0.5 0.3 0.2 0.1 0.1 0.0 0.0 0.0 0.0 0.0 0.0 0.0 0.0 0.0 0.0 0.0 0.0 0.0 0.0 0.0 0.0 0.0 0.0 0.0 0.0 0.0 0.0 0.0 0.0

GTT->GTA
9.9 0.1 0.0 0.0 0.0 0.0 0.0 0.0 0.0 0.0 0.0 0.0 0.0 0.0 0.0 0.0 0.0 0.0 0.0 0.0 0.0 0.0 0.0 0.0 0.0 0.0 0.0 0.0 0.0 0.0

GTA->GTC
8.3 0.6 0.1 0.0 0.0 0.0 0.0 0.0 0.0 0.0 0.0 0.0 0.0 0.0 0.0 0.0 0.0 0.0 0.0 0.0 0.0 0.0 0.0 0.0 0.0 0.0 0.0 0.0 0.0 0.0

GTC->GTA
31.2 0.7 0.1 0.0 0.0 0.0 0.0 0.0 0.0 0.0 0.0 0.0 0.0 0.0 0.0 0.0 0.0 0.0 0.0 0.0 0.0 0.0 0.0 0.0 0.0 0.0 0.0 0.0 0.0 0.0

TCG->TCT
35.3 2.5 0.9 0.5 0.3 0.2 0.1 0.1 0.1 0.1 0.1 0.1 0.1 0.1 0.1 0.1 0.0 0.0 0.0 0.0 0.0 0.0 0.0 0.0 0.0 0.0 0.0 0.0 0.0 0.0

TCT->TCG
34.9 1.3 0.5 0.2 0.1 0.0 0.0 0.0 0.0 0.0 0.0 0.0 0.0 0.0 0.0 0.0 0.0 0.0 0.0 0.0 0.0 0.0 0.0 0.0 0.0 0.0 0.0 0.0 0.0 0.0

CTA->CTT
3.0 0.0 0.0 0.0 0.0 0.0 0.1 0.1 0.1 0.2 0.1 0.1 0.1 0.0 0.0 0.0 0.0 0.0 0.0 0.0 0.0 0.0 0.0 0.0 0.0 0.0 0.0 0.0 0.0 0.0

CTT->CTA
6.9 0.1 0.0 0.0 0.0 0.0 0.0 0.0 0.0 0.0 0.0 0.0 0.0 0.0 0.0 0.0 0.0 0.0 0.0 0.0 0.0 0.0 0.0 0.0 0.0 0.0 0.0 0.0 0.0 0.0

GGG->GGT
56.7 3.0 0.8 0.3 0.1 0.0 0.0 0.0 0.0 0.0 0.0 0.0 0.0 0.0 0.0 0.0 0.0 0.0 0.0 0.0 0.0 0.0 0.0 0.0 0.0 0.0 0.0 0.0 0.0 0.0

GGT->GGG
12.8 1.0 0.1 0.0 0.0 0.0 0.0 0.0 0.0 0.0 0.0 0.0 0.0 0.0 0.0 0.0 0.0 0.0 0.0 0.0 0.0 0.0 0.0 0.0 0.0 0.0 0.0 0.0 0.0 0.0

CTA->CTC
6.4 0.5 0.4 0.3 0.2 0.1 0.1 0.0 0.0 0.0 0.0 0.0 0.0 0.0 0.0 0.0 0.0 0.0 0.0 0.0 0.0 0.0 0.0 0.0 0.0 0.0 0.0 0.0 0.0 0.0

CTC->CTA
34.8 1.3 0.5 0.3 0.1 0.0 0.0 0.0 0.0 0.0 0.0 0.0 0.0 0.0 0.0 0.0 0.0 0.0 0.0 0.0 0.0 0.0 0.0 0.0 0.0 0.0 0.0 0.0 0.0 0.0

TCA->TCT
24.9 1.0 0.1 0.0 0.0 0.0 0.0 0.0 0.0 0.0 0.0 0.0 0.0 0.0 0.0 0.0 0.0 0.0 0.0 0.0 0.0 0.0 0.0 0.0 0.0 0.0 0.0 0.0 0.0 0.0

TCT->TCA
17.0 0.7 0.2 0.1 0.0 0.0 0.0 0.0 0.0 0.0 0.0 0.0 0.0 0.0 0.0 0.0 0.0 0.0 0.0 0.0 0.0 0.0 0.0 0.0 0.0 0.0 0.0 0.0 0.0 0.0

