22	17218824	
22	17218852	
22	17218862	
22	17218883	
22	17218913	
22	17218917	
22	17218950	
22	17218954	
22	17218955	
22	17218971	
22	17218978	
22	17218979	
22	17218999	
22	17219002	
22	17219018	
22	17219045	
22	17219073	
22	17219096	
22	17219100	
22	17781247	
22	17781248	
22	17781250	
22	17781252	
22	17781254	
22	17781342	
22	17781344	
22	17781353	
22	17781467	
22	17781494	
22	17781545	
22	17781555	
22	17781596	
22	17781617	
22	17781620	
22	17781630	
22	17781647	
22	17781680	
22	17781800	
22	17781873	
22	17781959	
22	17781961	
22	17781962	
22	17782012	
22	17782028	
22	17782101	
22	17782150	
22	19761856	
22	19761878	
22	19761893	
22	19761912	
22	19761965	
22	19761988	
22	19761990	
22	19761995	
22	19762100	
22	19762112	
22	19762148	
22	19762179	
22	19762222	
22	19762235	
22	19762249	
22	19762276	
22	19762335	
22	19762337	
22	19762362	
22	19762391	
22	19762397	
22	19762408	
22	19762419	
22	19762421	
22	19762426	
22	19762475	
22	19762506	
22	19762513	
22	20157058	
22	20157062	
22	20157135	
22	20157140	
22	20157186	
22	20157211	
22	20157216	
22	20157218	
22	20421156	
22	20421290	
22	20421530	
22	20421552	
22	20421613	
22	20421817	
22	20421897	
22	20422567	
22	20423298	
22	20423526	
22	20423557	
22	20423568	
22	20423694	
22	20423802	
22	20423808	
22	20423887	
22	21599134	
22	22559300	
22	22559301	
22	22559322	
22	22559332	
22	22559346	
22	22559358	
22	22559395	
22	22559431	
22	22559448	
22	23178533	
22	23178539	
22	23178553	
22	23178606	
22	23178641	
22	23178673	
22	23178699	
22	23178701	
22	23217710	
22	23217764	
22	23217993	
22	23218000	
22	23218006	
22	23218072	
22	23218094	
22	23218113	
22	23218140	
22	23218186	
22	23218187	
22	23218198	
22	23218266	
22	23218437	
22	23218532	
22	23218546	
22	23218568	
22	23218682	
22	23218723	
22	23218919	
22	23218946	
22	23219090	
22	23219237	
22	23219259	
22	23219327	
22	23219395	
22	23219401	
22	23219469	
22	23219516	
22	23219519	
22	23219620	
22	23219636	
22	23219644	
22	23219679	
22	23219690	
22	23219728	
22	23219740	
22	23219749	
22	23219752	
22	23219767	
22	23219877	
22	23219957	
22	23220043	
22	23220100	
22	23220120	
22	23220125	
22	23220229	
22	23220266	
22	23220302	
22	23220343	
22	23220397	
22	23220431	
22	23220467	
22	23220472	
22	23220481	
22	23220528	
22	23220565	
22	23220666	
22	23220673	
22	23220782	
22	23220801	
22	23220816	
22	23220818	
22	23220825	
22	23220845	
22	23220867	
22	23220879	
22	23220889	
22	23220943	
22	23221005	
22	23221046	
22	23221147	
22	23221178	
22	23221200	
22	23221201	
22	23221241	
22	23221278	
22	23221303	
22	23221315	
22	23221367	
22	23221372	
22	23221388	
22	23221399	
22	23221407	
22	23221424	
22	23221428	
22	23221548	
22	23221564	
22	23221571	
22	23221603	
22	23221644	
22	23221661	
22	23221684	
22	23221687	
22	23221772	
22	23221800	
22	23221812	
22	23221841	
22	23221869	
22	23221900	
22	23221904	
22	23222019	
22	23222050	
22	23222114	
22	23222157	
22	23222202	
22	23222208	
22	23222260	
22	23222269	
22	23222273	
22	23222286	
22	23222290	
22	23222293	
22	23222305	
22	23222331	
22	23222389	
22	23222392	
22	23222407	
22	23222410	
22	23222416	
22	23222426	
22	23222427	
22	23222428	
22	23222429	
22	23222431	
22	23222444	
22	23222445	
22	23222453	
22	23222469	
22	23222484	
22	23222486	
22	23222561	
22	23222562	
22	23222587	
22	23222611	
22	23222675	
22	23222681	
22	23222694	
22	23222727	
22	23222762	
22	23222805	
22	23222815	
22	23222822	
22	23222829	
22	23222853	
22	23222857	
22	23222861	
22	23222885	
22	23222941	
22	23222970	
22	23222974	
22	23222980	
22	23222985	
22	23222986	
22	23222990	
22	23222995	
22	23222998	
22	23223005	
22	23223012	
22	23223021	
22	23223028	
22	23223047	
22	23223048	
22	23223054	
22	23223059	
22	23223060	
22	23223070	
22	23223075	
22	23223078	
22	23223080	
22	23223081	
22	23223083	
22	23223084	
22	23223085	
22	23223087	
22	23223088	
22	23223092	
22	23223093	
22	23223095	
22	23223096	
22	23223097	
22	23223100	
22	23223106	
22	23223110	
22	23223115	
22	23223118	
22	23223122	
22	23223124	
22	23223125	
22	23223130	
22	23223131	
22	23223139	
22	23223140	
22	23223143	
22	23223144	
22	23223148	
22	23223150	
22	23223154	
22	23223157	
22	23223158	
22	23223164	
22	23223168	
22	23223169	
22	23223171	
22	23223172	
22	23223173	
22	23223174	
22	23223175	
22	23223176	
22	23223179	
22	23223185	
22	23223188	
22	23223193	
22	23223197	
22	23223198	
22	23223202	
22	23223204	
22	23223208	
22	23223212	
22	23223213	
22	23223214	
22	23223215	
22	23223218	
22	23223219	
22	23223220	
22	23223223	
22	23223224	
22	23223226	
22	23223233	
22	23223239	
22	23223241	
22	23223242	
22	23223243	
22	23223244	
22	23223245	
22	23223246	
22	23223248	
22	23223250	
22	23223251	
22	23223252	
22	23223254	
22	23223255	
22	23223256	
22	23223259	
22	23223260	
22	23223261	
22	23223262	
22	23223263	
22	23223264	
22	23223268	
22	23223269	
22	23223273	
22	23223274	
22	23223278	
22	23223279	
22	23223281	
22	23223283	
22	23223291	
22	23223295	
22	23223299	
22	23223300	
22	23223301	
22	23223302	
22	23223306	
22	23223308	
22	23223314	
22	23223315	
22	23223316	
22	23223318	
22	23223320	
22	23223322	
22	23223324	
22	23223326	
22	23223327	
22	23223328	
22	23223329	
22	23223333	
22	23223334	
22	23223335	
22	23223340	
22	23223343	
22	23223346	
22	23223347	
22	23223348	
22	23223349	
22	23223353	
22	23223354	
22	23223355	
22	23223357	
22	23223360	
22	23223363	
22	23223365	
22	23223369	
22	23223370	
22	23223371	
22	23223374	
22	23223375	
22	23223376	
22	23223377	
22	23223382	
22	23223383	
22	23223384	
22	23223387	
22	23223388	
22	23223389	
22	23223390	
22	23223392	
22	23223393	
22	23223394	
22	23223396	
22	23223399	
22	23223400	
22	23223401	
22	23223407	
22	23223413	
22	23223417	
22	23223419	
22	23223422	
22	23223423	
22	23223424	
22	23223431	
22	23223433	
22	23223442	
22	23223443	
22	23223444	
22	23223445	
22	23223446	
22	23223447	
22	23223448	
22	23223450	
22	23223452	
22	23223453	
22	23223454	
22	23223455	
22	23223457	
22	23223459	
22	23223461	
22	23223464	
22	23223467	
22	23223470	
22	23223473	
22	23223476	
22	23223477	
22	23223482	
22	23223483	
22	23223486	
22	23223488	
22	23223490	
22	23223491	
22	23223494	
22	23223496	
22	23223501	
22	23223502	
22	23223503	
22	23223505	
22	23223506	
22	23223507	
22	23223510	
22	23223511	
22	23223512	
22	23223513	
22	23223514	
22	23223518	
22	23223519	
22	23223521	
22	23223523	
22	23223524	
22	23223527	
22	23223528	
22	23223529	
22	23223530	
22	23223531	
22	23223532	
22	23223533	
22	23223535	
22	23223536	
22	23223539	
22	23223540	
22	23223541	
22	23223542	
22	23223543	
22	23223544	
22	23223547	
22	23223548	
22	23223550	
22	23223552	
22	23223553	
22	23223554	
22	23223559	
22	23223564	
22	23223565	
22	23223566	
22	23223567	
22	23223570	
22	23223571	
22	23223579	
22	23223580	
22	23223581	
22	23223582	
22	23223583	
22	23223588	
22	23223589	
22	23223590	
22	23223597	
22	23223601	
22	23223603	
22	23223610	
22	23223611	
22	23223612	
22	23223613	
22	23223618	
22	23223620	
22	23223629	
22	23223635	
22	23223641	
22	23223646	
22	23223650	
22	23223654	
22	23223657	
22	23223661	
22	23223664	
22	23223667	
22	23223668	
22	23223670	
22	23223671	
22	23223674	
22	23223677	
22	23223679	
22	23223690	
22	23223691	
22	23223693	
22	23223696	
22	23223697	
22	23223698	
22	23223699	
22	23223700	
22	23223703	
22	23223704	
22	23223705	
22	23223711	
22	23223712	
22	23223717	
22	23223720	
22	23223724	
22	23223726	
22	23223729	
22	23223731	
22	23223734	
22	23223743	
22	23223745	
22	23223749	
22	23223755	
22	23223761	
22	23223768	
22	23223769	
22	23223770	
22	23223772	
22	23223778	
22	23223780	
22	23223781	
22	23223782	
22	23223784	
22	23223785	
22	23223790	
22	23223791	
22	23223796	
22	23223811	
22	23223812	
22	23223813	
22	23223816	
22	23223823	
22	23223835	
22	23223843	
22	23223844	
22	23223849	
22	23223852	
22	23223858	
22	23223859	
22	23223864	
22	23223867	
22	23223873	
22	23223874	
22	23223883	
22	23223885	
22	23223889	
22	23223892	
22	23223895	
22	23223905	
22	23223913	
22	23223915	
22	23223916	
22	23223920	
22	23223928	
22	23223934	
22	23223941	
22	23223944	
22	23223946	
22	23223951	
22	23223952	
22	23223969	
22	23223973	
22	23223984	
22	23223987	
22	23223994	
22	23223996	
22	23224004	
22	23224006	
22	23224025	
22	23224029	
22	23224033	
22	23224057	
22	23224058	
22	23224091	
22	23224099	
22	23224161	
22	23224164	
22	23224205	
22	23224237	
22	23224238	
22	23224307	
22	23224319	
22	23224342	
22	23224366	
22	23224367	
22	23224401	
22	23224458	
22	23224462	
22	23224495	
22	23224496	
22	23224503	
22	23224523	
22	23224546	
22	23224611	
22	23224722	
22	23224747	
22	23224764	
22	23224765	
22	23224800	
22	23224835	
22	23224939	
22	23224946	
22	23224947	
22	23224970	
22	23224988	
22	23225009	
22	23225028	
22	23225039	
22	23225049	
22	23225065	
22	23225083	
22	23225093	
22	23225108	
22	23225127	
22	23225137	
22	23225153	
22	23225190	
22	23225266	
22	23225291	
22	23225293	
22	23225350	
22	23225367	
22	23225370	
22	23225371	
22	23225391	
22	23225483	
22	23225485	
22	23225487	
22	23225549	
22	23225556	
22	23225567	
22	23225707	
22	23225728	
22	23225780	
22	23225781	
22	23225791	
22	23225848	
22	23225870	
22	23225888	
22	23225898	
22	23225903	
22	23225912	
22	23225919	
22	23225929	
22	23225931	
22	23225953	
22	23225955	
22	23225979	
22	23225985	
22	23226016	
22	23226072	
22	23226114	
22	23226161	
22	23226219	
22	23226232	
22	23226354	
22	23226451	
22	23226463	
22	23226469	
22	23226487	
22	23226496	
22	23226520	
22	23226554	
22	23226635	
22	23226680	
22	23226731	
22	23226741	
22	23226796	
22	23226805	
22	23226821	
22	23226844	
22	23226852	
22	23226857	
22	23226862	
22	23226944	
22	23226969	
22	23226990	
22	23227032	
22	23227051	
22	23227053	
22	23227059	
22	23227060	
22	23227080	
22	23227084	
22	23227107	
22	23227137	
22	23227179	
22	23227186	
22	23227193	
22	23227202	
22	23227218	
22	23227241	
22	23227247	
22	23227308	
22	23227352	
22	23227362	
22	23227385	
22	23227387	
22	23227390	
22	23227398	
22	23227405	
22	23227407	
22	23227427	
22	23227429	
22	23227445	
22	23227446	
22	23227468	
22	23227497	
22	23227502	
22	23227504	
22	23227509	
22	23227511	
22	23227527	
22	23227529	
22	23227531	
22	23227536	
22	23227559	
22	23227570	
22	23227573	
22	23227576	
22	23227590	
22	23227592	
22	23227601	
22	23227603	
22	23227613	
22	23227623	
22	23227626	
22	23227629	
22	23227633	
22	23227641	
22	23227645	
22	23227663	
22	23227668	
22	23227673	
22	23227674	
22	23227678	
22	23227683	
22	23227686	
22	23227689	
22	23227690	
22	23227693	
22	23227694	
22	23227697	
22	23227698	
22	23227700	
22	23227702	
22	23227704	
22	23227708	
22	23227709	
22	23227711	
22	23227713	
22	23227714	
22	23227716	
22	23227721	
22	23227723	
22	23227725	
22	23227732	
22	23227734	
22	23227735	
22	23227736	
22	23227738	
22	23227743	
22	23227744	
22	23227748	
22	23227749	
22	23227750	
22	23227751	
22	23227752	
22	23227754	
22	23227763	
22	23227764	
22	23227766	
22	23227769	
22	23227772	
22	23227775	
22	23227778	
22	23227779	
22	23227782	
22	23227784	
22	23227788	
22	23227790	
22	23227791	
22	23227793	
22	23227794	
22	23227798	
22	23227800	
22	23227802	
22	23227804	
22	23227805	
22	23227808	
22	23227809	
22	23227810	
22	23227812	
22	23227813	
22	23227814	
22	23227815	
22	23227817	
22	23227818	
22	23227820	
22	23227821	
22	23227822	
22	23227826	
22	23227827	
22	23227829	
22	23227831	
22	23227836	
22	23227837	
22	23227838	
22	23227839	
22	23227841	
22	23227843	
22	23227845	
22	23227847	
22	23227857	
22	23227859	
22	23227861	
22	23227862	
22	23227863	
22	23227867	
22	23227877	
22	23227878	
22	23227885	
22	23227890	
22	23227893	
22	23227894	
22	23227898	
22	23227900	
22	23227906	
22	23227909	
22	23227913	
22	23227914	
22	23227917	
22	23227918	
22	23227927	
22	23227928	
22	23227931	
22	23227932	
22	23227934	
22	23227935	
22	23227938	
22	23227940	
22	23227941	
22	23227953	
22	23227955	
22	23227957	
22	23227958	
22	23227966	
22	23227967	
22	23227971	
22	23227973	
22	23227974	
22	23227975	
22	23227976	
22	23227977	
22	23227979	
22	23227990	
22	23228006	
22	23228012	
22	23228015	
22	23228019	
22	23228024	
22	23228028	
22	23228034	
22	23228036	
22	23228040	
22	23228041	
22	23228042	
22	23228054	
22	23228056	
22	23228062	
22	23228072	
22	23228076	
22	23228078	
22	23228080	
22	23228084	
22	23228091	
22	23228095	
22	23228096	
22	23228102	
22	23228104	
22	23228109	
22	23228115	
22	23228131	
22	23228132	
22	23228144	
22	23228145	
22	23228159	
22	23228167	
22	23228173	
22	23228180	
22	23228181	
22	23228182	
22	23228185	
22	23228188	
22	23228192	
22	23228196	
22	23228197	
22	23228212	
22	23228215	
22	23228221	
22	23228222	
22	23228228	
22	23228246	
22	23228248	
22	23228249	
22	23228268	
22	23228288	
22	23228294	
22	23228302	
22	23228309	
22	23228314	
22	23228321	
22	23228335	
22	23228336	
22	23228359	
22	23228362	
22	23228370	
22	23228383	
22	23228386	
22	23228398	
22	23228447	
22	23228469	
22	23228499	
22	23228562	
22	23228565	
22	23228585	
22	23228589	
22	23228594	
22	23228623	
22	23228700	
22	23228765	
22	23228889	
22	23228893	
22	23228894	
22	23229023	
22	23229029	
22	23229092	
22	23229101	
22	23229102	
22	23229130	
22	23229135	
22	23229140	
22	23229159	
22	23229163	
22	23229190	
22	23229247	
22	23229278	
22	23229286	
22	23229307	
22	23229316	
22	23229322	
22	23229330	
22	23229332	
22	23229333	
22	23229352	
22	23229419	
22	23229453	
22	23229459	
22	23229465	
22	23229488	
22	23229491	
22	23229499	
22	23229507	
22	23229508	
22	23229509	
22	23229521	
22	23229564	
22	23229567	
22	23229592	
22	23229595	
22	23229599	
22	23229609	
22	23229610	
22	23229621	
22	23229628	
22	23229635	
22	23229640	
22	23229657	
22	23229676	
22	23229678	
22	23229690	
22	23229697	
22	23229722	
22	23229745	
22	23229758	
22	23229766	
22	23229789	
22	23229837	
22	23229881	
22	23229916	
22	23229918	
22	23229925	
22	23229931	
22	23229932	
22	23229935	
22	23229936	
22	23229940	
22	23229950	
22	23229962	
22	23229963	
22	23229968	
22	23230001	
22	23230032	
22	23230033	
22	23230039	
22	23230060	
22	23230078	
22	23230079	
22	23230080	
22	23230085	
22	23230090	
22	23230108	
22	23230109	
22	23230116	
22	23230121	
22	23230123	
22	23230126	
22	23230132	
22	23230136	
22	23230137	
22	23230138	
22	23230140	
22	23230141	
22	23230142	
22	23230147	
22	23230151	
22	23230152	
22	23230155	
22	23230157	
22	23230170	
22	23230185	
22	23230187	
22	23230188	
22	23230192	
22	23230194	
22	23230195	
22	23230196	
22	23230197	
22	23230199	
22	23230201	
22	23230211	
22	23230219	
22	23230222	
22	23230223	
22	23230224	
22	23230226	
22	23230232	
22	23230235	
22	23230239	
22	23230241	
22	23230242	
22	23230245	
22	23230251	
22	23230254	
22	23230255	
22	23230259	
22	23230260	
22	23230263	
22	23230265	
22	23230268	
22	23230275	
22	23230278	
22	23230279	
22	23230281	
22	23230287	
22	23230288	
22	23230300	
22	23230302	
22	23230306	
22	23230308	
22	23230311	
22	23230316	
22	23230318	
22	23230319	
22	23230325	
22	23230327	
22	23230328	
22	23230332	
22	23230334	
22	23230340	
22	23230341	
22	23230343	
22	23230345	
22	23230347	
22	23230349	
22	23230351	
22	23230352	
22	23230356	
22	23230357	
22	23230358	
22	23230359	
22	23230360	
22	23230361	
22	23230364	
22	23230365	
22	23230366	
22	23230370	
22	23230371	
22	23230372	
22	23230373	
22	23230381	
22	23230389	
22	23230392	
22	23230393	
22	23230400	
22	23230403	
22	23230404	
22	23230406	
22	23230407	
22	23230408	
22	23230410	
22	23230415	
22	23230419	
22	23230423	
22	23230424	
22	23230426	
22	23230432	
22	23230434	
22	23230436	
22	23230441	
22	23230448	
22	23230449	
22	23230450	
22	23230452	
22	23230458	
22	23230459	
22	23230460	
22	23230465	
22	23230466	
22	23230467	
22	23230468	
22	23230473	
22	23230475	
22	23230477	
22	23230478	
22	23230480	
22	23230481	
22	23230483	
22	23230486	
22	23230487	
22	23230488	
22	23230490	
22	23230492	
22	23230493	
22	23230494	
22	23230496	
22	23230499	
22	23230502	
22	23230503	
22	23230506	
22	23230507	
22	23230509	
22	23230514	
22	23230519	
22	23230520	
22	23230523	
22	23230527	
22	23230529	
22	23230532	
22	23230533	
22	23230534	
22	23230535	
22	23230536	
22	23230540	
22	23230541	
22	23230542	
22	23230544	
22	23230546	
22	23230555	
22	23230558	
22	23230560	
22	23230564	
22	23230565	
22	23230566	
22	23230567	
22	23230568	
22	23230569	
22	23230572	
22	23230575	
22	23230578	
22	23230581	
22	23230583	
22	23230584	
22	23230586	
22	23230587	
22	23230588	
22	23230590	
22	23230593	
22	23230596	
22	23230597	
22	23230598	
22	23230599	
22	23230600	
22	23230601	
22	23230602	
22	23230605	
22	23230606	
22	23230608	
22	23230610	
22	23230612	
22	23230614	
22	23230616	
22	23230617	
22	23230621	
22	23230622	
22	23230623	
22	23230627	
22	23230629	
22	23230630	
22	23230634	
22	23230638	
22	23230640	
22	23230642	
22	23230645	
22	23230647	
22	23230648	
22	23230650	
22	23230651	
22	23230652	
22	23230654	
22	23230655	
22	23230656	
22	23230658	
22	23230660	
22	23230662	
22	23230663	
22	23230665	
22	23230666	
22	23230667	
22	23230668	
22	23230674	
22	23230676	
22	23230677	
22	23230678	
22	23230679	
22	23230680	
22	23230681	
22	23230682	
22	23230683	
22	23230684	
22	23230686	
22	23230687	
22	23230688	
22	23230690	
22	23230692	
22	23230697	
22	23230698	
22	23230705	
22	23230707	
22	23230709	
22	23230712	
22	23230714	
22	23230715	
22	23230716	
22	23230717	
22	23230719	
22	23230723	
22	23230726	
22	23230727	
22	23230728	
22	23230729	
22	23230730	
22	23230731	
22	23230734	
22	23230736	
22	23230739	
22	23230741	
22	23230744	
22	23230746	
22	23230747	
22	23230748	
22	23230755	
22	23230756	
22	23230760	
22	23230761	
22	23230763	
22	23230765	
22	23230770	
22	23230780	
22	23230782	
22	23230784	
22	23230786	
22	23230788	
22	23230793	
22	23230794	
22	23230796	
22	23230798	
22	23230800	
22	23230804	
22	23230806	
22	23230808	
22	23230809	
22	23230810	
22	23230815	
22	23230818	
22	23230821	
22	23230822	
22	23230825	
22	23230833	
22	23230834	
22	23230835	
22	23230843	
22	23230850	
22	23230852	
22	23230858	
22	23230861	
22	23230862	
22	23230866	
22	23230867	
22	23230872	
22	23230873	
22	23230875	
22	23230877	
22	23230879	
22	23230881	
22	23230884	
22	23230888	
22	23230890	
22	23230891	
22	23230892	
22	23230895	
22	23230896	
22	23230899	
22	23230901	
22	23230903	
22	23230904	
22	23230906	
22	23230907	
22	23230909	
22	23230910	
22	23230911	
22	23230912	
22	23230914	
22	23230915	
22	23230916	
22	23230920	
22	23230922	
22	23230924	
22	23230925	
22	23230926	
22	23230927	
22	23230929	
22	23230930	
22	23230931	
22	23230932	
22	23230933	
22	23230934	
22	23230935	
22	23230936	
22	23230940	
22	23230948	
22	23230949	
22	23230952	
22	23230954	
22	23230955	
22	23230956	
22	23230958	
22	23230960	
22	23230963	
22	23230969	
22	23230970	
22	23230972	
22	23230973	
22	23230977	
22	23230979	
22	23230981	
22	23230982	
22	23230984	
22	23230985	
22	23230986	
22	23230988	
22	23230989	
22	23230990	
22	23230992	
22	23230993	
22	23230995	
22	23230997	
22	23230998	
22	23231001	
22	23231002	
22	23231004	
22	23231007	
22	23231008	
22	23231009	
22	23231013	
22	23231020	
22	23231022	
22	23231023	
22	23231028	
22	23231029	
22	23231030	
22	23231031	
22	23231032	
22	23231033	
22	23231035	
22	23231036	
22	23231038	
22	23231039	
22	23231040	
22	23231044	
22	23231046	
22	23231047	
22	23231050	
22	23231051	
22	23231053	
22	23231056	
22	23231058	
22	23231061	
22	23231063	
22	23231064	
22	23231066	
22	23231071	
22	23231072	
22	23231074	
22	23231075	
22	23231076	
22	23231077	
22	23231078	
22	23231079	
22	23231081	
22	23231092	
22	23231096	
22	23231098	
22	23231100	
22	23231111	
22	23231112	
22	23231113	
22	23231115	
22	23231118	
22	23231119	
22	23231120	
22	23231127	
22	23231132	
22	23231137	
22	23231142	
22	23231143	
22	23231146	
22	23231147	
22	23231148	
22	23231150	
22	23231151	
22	23231152	
22	23231155	
22	23231156	
22	23231160	
22	23231162	
22	23231164	
22	23231166	
22	23231167	
22	23231172	
22	23231174	
22	23231182	
22	23231183	
22	23231184	
22	23231185	
22	23231190	
22	23231191	
22	23231195	
22	23231197	
22	23231199	
22	23231201	
22	23231203	
22	23231204	
22	23231207	
22	23231208	
22	23231209	
22	23231211	
22	23231215	
22	23231220	
22	23231221	
22	23231222	
22	23231225	
22	23231227	
22	23231233	
22	23231235	
22	23231238	
22	23231240	
22	23231243	
22	23231244	
22	23231245	
22	23231250	
22	23231251	
22	23231252	
22	23231254	
22	23231256	
22	23231257	
22	23231258	
22	23231260	
22	23231261	
22	23231262	
22	23231264	
22	23231265	
22	23231273	
22	23231278	
22	23231282	
22	23231285	
22	23231286	
22	23231287	
22	23231289	
22	23231290	
22	23231293	
22	23231298	
22	23231300	
22	23231301	
22	23231304	
22	23231305	
22	23231307	
22	23231315	
22	23231317	
22	23231320	
22	23231321	
22	23231322	
22	23231328	
22	23231330	
22	23231331	
22	23231332	
22	23231336	
22	23231344	
22	23231355	
22	23231368	
22	23231370	
22	23231372	
22	23231382	
22	23231383	
22	23231384	
22	23231394	
22	23231395	
22	23231397	
22	23231400	
22	23231401	
22	23231409	
22	23231411	
22	23231412	
22	23231417	
22	23231418	
22	23231419	
22	23231430	
22	23231431	
22	23231443	
22	23231445	
22	23231446	
22	23231451	
22	23231452	
22	23231455	
22	23231457	
22	23231468	
22	23231470	
22	23231473	
22	23231474	
22	23231481	
22	23231486	
22	23231497	
22	23231500	
22	23231503	
22	23231516	
22	23231528	
22	23231533	
22	23231535	
22	23231536	
22	23231537	
22	23231538	
22	23231539	
22	23231542	
22	23231545	
22	23231548	
22	23231550	
22	23231568	
22	23231570	
22	23231574	
22	23231575	
22	23231579	
22	23231582	
22	23231583	
22	23231587	
22	23231593	
22	23231598	
22	23231599	
22	23231605	
22	23231609	
22	23231612	
22	23231614	
22	23231616	
22	23231623	
22	23231624	
22	23231627	
22	23231628	
22	23231630	
22	23231631	
22	23231637	
22	23231642	
22	23231650	
22	23231651	
22	23231654	
22	23231657	
22	23231658	
22	23231663	
22	23231665	
22	23231667	
22	23231676	
22	23231677	
22	23231678	
22	23231680	
22	23231682	
22	23231688	
22	23231692	
22	23231693	
22	23231694	
22	23231695	
22	23231705	
22	23231706	
22	23231713	
22	23231715	
22	23231716	
22	23231717	
22	23231722	
22	23231725	
22	23231728	
22	23231729	
22	23231738	
22	23231745	
22	23231749	
22	23231754	
22	23231755	
22	23231758	
22	23231759	
22	23231766	
22	23231768	
22	23231769	
22	23231775	
22	23231779	
22	23231786	
22	23231792	
22	23231796	
22	23231799	
22	23231805	
22	23231808	
22	23231820	
22	23231823	
22	23231825	
22	23231828	
22	23231829	
22	23231856	
22	23231873	
22	23231896	
22	23231898	
22	23231903	
22	23231907	
22	23231923	
22	23231937	
22	23231946	
22	23231952	
22	23231953	
22	23231954	
22	23231957	
22	23231958	
22	23231988	
22	23231989	
22	23231998	
22	23232008	
22	23232009	
22	23232012	
22	23232014	
22	23232021	
22	23232032	
22	23232038	
22	23232039	
22	23232049	
22	23232055	
22	23232066	
22	23232074	
22	23232085	
22	23232096	
22	23232097	
22	23232098	
22	23232114	
22	23232123	
22	23232125	
22	23232129	
22	23232139	
22	23232174	
22	23232175	
22	23232177	
22	23232216	
22	23232220	
22	23232226	
22	23232231	
22	23232233	
22	23232241	
22	23232242	
22	23232243	
22	23232262	
22	23232263	
22	23232269	
22	23232280	
22	23232282	
22	23232288	
22	23232296	
22	23232299	
22	23232311	
22	23232326	
22	23232411	
22	23232436	
22	23232446	
22	23232454	
22	23232458	
22	23232516	
22	23232534	
22	23232542	
22	23232556	
22	23232573	
22	23232593	
22	23232595	
22	23232610	
22	23232635	
22	23232644	
22	23232657	
22	23232659	
22	23232667	
22	23232674	
22	23232713	
22	23232714	
22	23232732	
22	23232784	
22	23232795	
22	23232816	
22	23232828	
22	23232908	
22	23232927	
22	23232990	
22	23232994	
22	23233002	
22	23233052	
22	23233054	
22	23233058	
22	23233105	
22	23233198	
22	23233246	
22	23233252	
22	23233264	
22	23233284	
22	23233332	
22	23233363	
22	23233367	
22	23233400	
22	23233402	
22	23233438	
22	23233452	
22	23233496	
22	23233503	
22	23233508	
22	23233533	
22	23233585	
22	23233593	
22	23233616	
22	23233626	
22	23233634	
22	23233641	
22	23233677	
22	23233682	
22	23233809	
22	23233811	
22	23233860	
22	23233863	
22	23233912	
22	23233919	
22	23233933	
22	23233948	
22	23233950	
22	23233960	
22	23233972	
22	23233979	
22	23234002	
22	23234003	
22	23234007	
22	23234009	
22	23234016	
22	23234018	
22	23234019	
22	23234034	
22	23234038	
22	23234042	
22	23234090	
22	23234092	
22	23234096	
22	23234170	
22	23234206	
22	23234258	
22	23234337	
22	23234382	
22	23234389	
22	23234399	
22	23234497	
22	23234528	
22	23234579	
22	23234584	
22	23234587	
22	23234596	
22	23234658	
22	23234660	
22	23234670	
22	23234716	
22	23234717	
22	23234792	
22	23234851	
22	23234911	
22	23234978	
22	23234979	
22	23235008	
22	23235010	
22	23235014	
22	23235066	
22	23235140	
22	23235217	
22	23235260	
22	23235261	
22	23235286	
22	23235318	
22	23235319	
22	23235330	
22	23235385	
22	23235462	
22	23235524	
22	23235545	
22	23235597	
22	23235623	
22	23235627	
22	23235641	
22	23235648	
22	23235708	
22	23235772	
22	23235794	
22	23235865	
22	23235902	
22	23235921	
22	23235930	
22	23235960	
22	23235962	
22	23235964	
22	23235976	
22	23235980	
22	23235985	
22	23235990	
22	23235992	
22	23235997	
22	23236001	
22	23236004	
22	23236006	
22	23236007	
22	23236015	
22	23236016	
22	23236027	
22	23236034	
22	23236035	
22	23236039	
22	23236049	
22	23236057	
22	23236064	
22	23236073	
22	23236076	
22	23236079	
22	23236080	
22	23236082	
22	23236083	
22	23236085	
22	23236090	
22	23236095	
22	23236099	
22	23236104	
22	23236119	
22	23236120	
22	23236122	
22	23236125	
22	23236126	
22	23236128	
22	23236137	
22	23236141	
22	23236146	
22	23236148	
22	23236160	
22	23236163	
22	23236164	
22	23236167	
22	23236180	
22	23236181	
22	23236183	
22	23236189	
22	23236191	
22	23236196	
22	23236197	
22	23236199	
22	23236200	
22	23236201	
22	23236202	
22	23236206	
22	23236210	
22	23236211	
22	23236218	
22	23236220	
22	23236225	
22	23236226	
22	23236232	
22	23236233	
22	23236234	
22	23236236	
22	23236243	
22	23236244	
22	23236245	
22	23236246	
22	23236247	
22	23236249	
22	23236253	
22	23236259	
22	23236261	
22	23236263	
22	23236264	
22	23236266	
22	23236269	
22	23236271	
22	23236272	
22	23236278	
22	23236280	
22	23236281	
22	23236283	
22	23236284	
22	23236285	
22	23236286	
22	23236288	
22	23236292	
22	23236293	
22	23236295	
22	23236297	
22	23236299	
22	23236304	
22	23236308	
22	23236317	
22	23236318	
22	23236323	
22	23236324	
22	23236329	
22	23236332	
22	23236334	
22	23236340	
22	23236341	
22	23236342	
22	23236343	
22	23236345	
22	23236347	
22	23236348	
22	23236349	
22	23236350	
22	23236354	
22	23236355	
22	23236362	
22	23236365	
22	23236372	
22	23236374	
22	23236376	
22	23236378	
22	23236386	
22	23236393	
22	23236394	
22	23236395	
22	23236402	
22	23236407	
22	23236409	
22	23236414	
22	23236416	
22	23236419	
22	23236422	
22	23236423	
22	23236430	
22	23236431	
22	23236435	
22	23236437	
22	23236438	
22	23236441	
22	23236442	
22	23236451	
22	23236454	
22	23236457	
22	23236459	
22	23236464	
22	23236470	
22	23236472	
22	23236478	
22	23236486	
22	23236488	
22	23236493	
22	23236494	
22	23236496	
22	23236498	
22	23236499	
22	23236502	
22	23236503	
22	23236509	
22	23236512	
22	23236517	
22	23236519	
22	23236521	
22	23236528	
22	23236529	
22	23236539	
22	23236541	
22	23236542	
22	23236547	
22	23236555	
22	23236561	
22	23236563	
22	23236565	
22	23236569	
22	23236573	
22	23236575	
22	23236577	
22	23236581	
22	23236583	
22	23236585	
22	23236586	
22	23236593	
22	23236595	
22	23236596	
22	23236602	
22	23236611	
22	23236617	
22	23236620	
22	23236621	
22	23236622	
22	23236623	
22	23236624	
22	23236625	
22	23236626	
22	23236627	
22	23236629	
22	23236633	
22	23236634	
22	23236636	
22	23236640	
22	23236644	
22	23236646	
22	23236647	
22	23236654	
22	23236656	
22	23236657	
22	23236659	
22	23236660	
22	23236664	
22	23236667	
22	23236668	
22	23236673	
22	23236674	
22	23236679	
22	23236684	
22	23236686	
22	23236695	
22	23236697	
22	23236711	
22	23236718	
22	23236723	
22	23236724	
22	23236726	
22	23236727	
22	23236740	
22	23236745	
22	23236747	
22	23236755	
22	23236758	
22	23236759	
22	23236760	
22	23236761	
22	23236762	
22	23236765	
22	23236768	
22	23236774	
22	23236779	
22	23236787	
22	23236794	
22	23236797	
22	23236801	
22	23236803	
22	23236810	
22	23236812	
22	23236815	
22	23236817	
22	23236821	
22	23236826	
22	23236827	
22	23236828	
22	23236829	
22	23236830	
22	23236841	
22	23236846	
22	23236848	
22	23236859	
22	23236861	
22	23236863	
22	23236880	
22	23236881	
22	23236884	
22	23236894	
22	23236904	
22	23236908	
22	23236909	
22	23236911	
22	23236925	
22	23236928	
22	23236929	
22	23236933	
22	23236939	
22	23236942	
22	23236949	
22	23236954	
22	23236965	
22	23236972	
22	23236979	
22	23236983	
22	23236985	
22	23236986	
22	23236987	
22	23236988	
22	23236992	
22	23236998	
22	23237000	
22	23237007	
22	23237015	
22	23237017	
22	23237018	
22	23237021	
22	23237022	
22	23237028	
22	23237032	
22	23237034	
22	23237038	
22	23237043	
22	23237056	
22	23237057	
22	23237058	
22	23237064	
22	23237067	
22	23237069	
22	23237070	
22	23237071	
22	23237072	
22	23237074	
22	23237078	
22	23237081	
22	23237086	
22	23237087	
22	23237101	
22	23237110	
22	23237118	
22	23237121	
22	23237124	
22	23237125	
22	23237129	
22	23237130	
22	23237142	
22	23237144	
22	23237147	
22	23237149	
22	23237150	
22	23237153	
22	23237159	
22	23237168	
22	23237177	
22	23237183	
22	23237190	
22	23237193	
22	23237196	
22	23237203	
22	23237207	
22	23237212	
22	23237217	
22	23237240	
22	23237243	
22	23237244	
22	23237258	
22	23237264	
22	23237273	
22	23237289	
22	23237301	
22	23237303	
22	23237312	
22	23237317	
22	23237319	
22	23237337	
22	23237341	
22	23237352	
22	23237366	
22	23237387	
22	23237412	
22	23237417	
22	23237438	
22	23237439	
22	23237447	
22	23237448	
22	23237451	
22	23237462	
22	23237472	
22	23237480	
22	23237481	
22	23237510	
22	23237514	
22	23237537	
22	23237538	
22	23237586	
22	23237591	
22	23237592	
22	23237595	
22	23237610	
22	23237613	
22	23237615	
22	23237616	
22	23237629	
22	23237631	
22	23237640	
22	23237641	
22	23237643	
22	23237657	
22	23237658	
22	23237664	
22	23237697	
22	23237703	
22	23237705	
22	23237712	
22	23237714	
22	23237719	
22	23237723	
22	23237724	
22	23237728	
22	23237748	
22	23237751	
22	23237752	
22	23237782	
22	23237784	
22	23237792	
22	23237798	
22	23237816	
22	23237860	
22	23237898	
22	23237899	
22	23237900	
22	23237960	
22	23237967	
22	23237971	
22	23237972	
22	23237977	
22	23237981	
22	23238016	
22	23238031	
22	23238072	
22	23238088	
22	23238092	
22	23238094	
22	23238108	
22	23238116	
22	23238120	
22	23238128	
22	23238145	
22	23238193	
22	23238198	
22	23238210	
22	23238289	
22	23238323	
22	23238346	
22	23238352	
22	23238405	
22	23238424	
22	23238465	
22	23238485	
22	23238487	
22	23238568	
22	23238569	
22	23238589	
22	23238632	
22	23238672	
22	23238717	
22	23238792	
22	23238796	
22	23238883	
22	23238924	
22	23238929	
22	23238984	
22	23239008	
22	23239061	
22	23239063	
22	23239142	
22	23239170	
22	23239280	
22	23239285	
22	23239286	
22	23239311	
22	23239321	
22	23239334	
22	23239350	
22	23239354	
22	23239364	
22	23239393	
22	23239422	
22	23239467	
22	23239470	
22	23239513	
22	23239543	
22	23239544	
22	23239552	
22	23239578	
22	23239579	
22	23239589	
22	23239610	
22	23239669	
22	23239705	
22	23239748	
22	23239749	
22	23239764	
22	23239785	
22	23239844	
22	23239868	
22	23239932	
22	23239935	
22	23239942	
22	23239960	
22	23239964	
22	23239965	
22	23239997	
22	23240018	
22	23240024	
22	23240027	
22	23240046	
22	23240083	
22	23240142	
22	23240148	
22	23240163	
22	23240164	
22	23240167	
22	23240179	
22	23240196	
22	23240242	
22	23240289	
22	23240316	
22	23240334	
22	23240372	
22	23240391	
22	23240399	
22	23240462	
22	23240463	
22	23240464	
22	23240484	
22	23240495	
22	23240497	
22	23240507	
22	23240547	
22	23240558	
22	23240559	
22	23240610	
22	23240623	
22	23240625	
22	23240651	
22	23240653	
22	23240692	
22	23240693	
22	23240721	
22	23240750	
22	23240768	
22	23240775	
22	23240785	
22	23240788	
22	23240812	
22	23240825	
22	23240827	
22	23240831	
22	23240832	
22	23240863	
22	23240923	
22	23240929	
22	23240943	
22	23240944	
22	23240950	
22	23240995	
22	23241027	
22	23241106	
22	23241150	
22	23241151	
22	23241152	
22	23241168	
22	23241170	
22	23241175	
22	23241291	
22	23241314	
22	23241323	
22	23241397	
22	23241419	
22	23241442	
22	23241467	
22	23241477	
22	23241507	
22	23241511	
22	23241518	
22	23241523	
22	23241620	
22	23241630	
22	23241659	
22	23241665	
22	23241667	
22	23241705	
22	23241713	
22	23241741	
22	23241749	
22	23241752	
22	23241753	
22	23241772	
22	23241773	
22	23241777	
22	23241779	
22	23241802	
22	23241804	
22	23241807	
22	23241810	
22	23241815	
22	23241816	
22	23241820	
22	23241823	
22	23241828	
22	23241834	
22	23241837	
22	23241856	
22	23241857	
22	23241859	
22	23241878	
22	23241882	
22	23241883	
22	23241885	
22	23241886	
22	23241887	
22	23241890	
22	23241891	
22	23241893	
22	23241895	
22	23241898	
22	23241904	
22	23241905	
22	23241914	
22	23241915	
22	23241922	
22	23241929	
22	23241952	
22	23241953	
22	23241968	
22	23241983	
22	23241986	
22	23241994	
22	23242003	
22	23242005	
22	23242009	
22	23242011	
22	23242014	
22	23242018	
22	23242020	
22	23242026	
22	23242034	
22	23242037	
22	23242039	
22	23242041	
22	23242043	
22	23242052	
22	23242054	
22	23242055	
22	23242056	
22	23242057	
22	23242058	
22	23242059	
22	23242063	
22	23242073	
22	23242078	
22	23242080	
22	23242082	
22	23242083	
22	23242087	
22	23242091	
22	23242092	
22	23242093	
22	23242095	
22	23242099	
22	23242100	
22	23242103	
22	23242104	
22	23242111	
22	23242112	
22	23242115	
22	23242131	
22	23242133	
22	23242135	
22	23242136	
22	23242143	
22	23242144	
22	23242149	
22	23242150	
22	23242155	
22	23242161	
22	23242163	
22	23242165	
22	23242168	
22	23242169	
22	23242171	
22	23242179	
22	23242183	
22	23242196	
22	23242202	
22	23242206	
22	23242207	
22	23242210	
22	23242211	
22	23242212	
22	23242214	
22	23242215	
22	23242221	
22	23242222	
22	23242227	
22	23242229	
22	23242232	
22	23242233	
22	23242235	
22	23242237	
22	23242241	
22	23242244	
22	23242249	
22	23242251	
22	23242258	
22	23242263	
22	23242270	
22	23242271	
22	23242276	
22	23242277	
22	23242280	
22	23242287	
22	23242291	
22	23242297	
22	23242307	
22	23242310	
22	23242311	
22	23242319	
22	23242320	
22	23242325	
22	23242329	
22	23242348	
22	23242359	
22	23242363	
22	23242367	
22	23242370	
22	23242375	
22	23242407	
22	23242414	
22	23242424	
22	23242430	
22	23242433	
22	23242444	
22	23242463	
22	23242490	
22	23242495	
22	23242499	
22	23242512	
22	23242550	
22	23242552	
22	23242553	
22	23242559	
22	23242560	
22	23242561	
22	23242616	
22	23242665	
22	23242728	
22	23242734	
22	23242742	
22	23242743	
22	23242753	
22	23242756	
22	23242768	
22	23242785	
22	23242802	
22	23242813	
22	23242814	
22	23242815	
22	23242817	
22	23242822	
22	23242823	
22	23242828	
22	23242830	
22	23242840	
22	23242846	
22	23242852	
22	23242856	
22	23242872	
22	23242876	
22	23242879	
22	23242930	
22	23242931	
22	23242968	
22	23242969	
22	23242970	
22	23242971	
22	23242974	
22	23242979	
22	23242981	
22	23242986	
22	23242989	
22	23242996	
22	23243001	
22	23243002	
22	23243003	
22	23243005	
22	23243010	
22	23243012	
22	23243054	
22	23243066	
22	23243089	
22	23243102	
22	23243147	
22	23243162	
22	23243219	
22	23243247	
22	23243265	
22	23243289	
22	23243290	
22	23243299	
22	23243303	
22	23243327	
22	23243328	
22	23243337	
22	23243349	
22	23243354	
22	23243355	
22	23243364	
22	23243380	
22	23243405	
22	23243428	
22	23243439	
22	23243446	
22	23243481	
22	23243490	
22	23243496	
22	23243498	
22	23243517	
22	23243520	
22	23243562	
22	23243596	
22	23243611	
22	23243616	
22	23243632	
22	23243651	
22	23243658	
22	23243660	
22	23243668	
22	23243679	
22	23243691	
22	23243692	
22	23243696	
22	23243697	
22	23243778	
22	23243779	
22	23243823	
22	23243837	
22	23243864	
22	23243869	
22	23243877	
22	23243891	
22	23243910	
22	23243911	
22	23243953	
22	23243960	
22	23244003	
22	23244005	
22	23244065	
22	23244105	
22	23244136	
22	23244168	
22	23244171	
22	23244205	
22	23244269	
22	23244302	
22	23244310	
22	23244316	
22	23244386	
22	23244441	
22	23244469	
22	23244475	
22	23244486	
22	23244502	
22	23244564	
22	23244598	
22	23244613	
22	23244660	
22	23244664	
22	23244681	
22	23244692	
22	23244701	
22	23244731	
22	23244801	
22	23244810	
22	23244821	
22	23244847	
22	23244849	
22	23244873	
22	23244884	
22	23244957	
22	23244964	
22	23244978	
22	23244983	
22	23245040	
22	23245098	
22	23245173	
22	23245174	
22	23245194	
22	23245204	
22	23245229	
22	23245236	
22	23245356	
22	23245387	
22	23245407	
22	23245469	
22	23245506	
22	23245611	
22	23245655	
22	23245657	
22	23245676	
22	23245738	
22	23245751	
22	23245761	
22	23245774	
22	23245829	
22	23245836	
22	23245879	
22	23245932	
22	23245943	
22	23245972	
22	23245978	
22	23246011	
22	23246014	
22	23246038	
22	23246046	
22	23246077	
22	23246085	
22	23246123	
22	23246175	
22	23246229	
22	23246271	
22	23246313	
22	23246327	
22	23246329	
22	23246347	
22	23246411	
22	23246445	
22	23246465	
22	23246506	
22	23246516	
22	23246531	
22	23246544	
22	23246545	
22	23246565	
22	23246684	
22	23246735	
22	23246802	
22	23246840	
22	23246877	
22	23246911	
22	23247026	
22	23247035	
22	23247053	
22	23247061	
22	23247117	
22	23247144	
22	23247153	
22	23247164	
22	23247169	
22	23247170	
22	23247174	
22	23247191	
22	23247211	
22	23247215	
22	23247225	
22	23247248	
22	23247273	
22	23247285	
22	23247303	
22	23247318	
22	23247323	
22	23247328	
22	23247330	
22	23247332	
22	23247343	
22	23247350	
22	23247353	
22	23247357	
22	23247359	
22	23247360	
22	23247366	
22	23247367	
22	23247373	
22	23247374	
22	23247378	
22	23247379	
22	23247380	
22	23247384	
22	23247387	
22	23247396	
22	23247400	
22	23247407	
22	23247415	
22	23247416	
22	23247417	
22	23247418	
22	23247457	
22	23247462	
22	23247475	
22	23247481	
22	23247482	
22	23247486	
22	23247490	
22	23247491	
22	23247493	
22	23247495	
22	23247497	
22	23247499	
22	23247505	
22	23247510	
22	23247511	
22	23247512	
22	23247517	
22	23247525	
22	23247528	
22	23247544	
22	23247547	
22	23247549	
22	23247552	
22	23247556	
22	23247559	
22	23247569	
22	23247575	
22	23247576	
22	23247577	
22	23247578	
22	23247587	
22	23247594	
22	23247599	
22	23247600	
22	23247604	
22	23247606	
22	23247609	
22	23247619	
22	23247634	
22	23247640	
22	23247641	
22	23247643	
22	23247646	
22	23247661	
22	23247665	
22	23247670	
22	23247691	
22	23247703	
22	23247727	
22	23247734	
22	23247759	
22	23247797	
22	23247806	
22	23247842	
22	23247856	
22	23247875	
22	23247890	
22	23247893	
22	23247984	
22	23247990	
22	23248021	
22	23248029	
22	23248093	
22	23248105	
22	23248114	
22	23248125	
22	23248158	
22	23248176	
22	23248186	
22	23248256	
22	23248263	
22	23248278	
22	23248283	
22	23248286	
22	23248287	
22	23248298	
22	23248303	
22	23248312	
22	23248326	
22	23248331	
22	23248332	
22	23248333	
22	23248337	
22	23248342	
22	23248352	
22	23248357	
22	23248359	
22	23248363	
22	23248365	
22	23248369	
22	23248372	
22	23248375	
22	23248385	
22	23248391	
22	23248402	
22	23248406	
22	23248408	
22	23248420	
22	23248422	
22	23248431	
22	23248438	
22	23248449	
22	23248479	
22	23248486	
22	23248498	
22	23248508	
22	23248541	
22	23248544	
22	23248560	
22	23248570	
22	23248584	
22	23248646	
22	23248663	
22	23248691	
22	23248694	
22	23248701	
22	23248710	
22	23248740	
22	23248761	
22	23248767	
22	23248780	
22	23248792	
22	23248794	
22	23248802	
22	23248809	
22	23248839	
22	23248856	
22	23248857	
22	23248868	
22	23248874	
22	23248878	
22	23248892	
22	23248957	
22	23248960	
22	23248994	
22	23249007	
22	23249009	
22	23249018	
22	23249022	
22	23249028	
22	23249040	
22	23249041	
22	23249053	
22	23249091	
22	23249128	
22	23249143	
22	23249162	
22	23249177	
22	23249183	
22	23249276	
22	23249297	
22	23249326	
22	23249350	
22	23249354	
22	23249384	
22	23249390	
22	23249401	
22	23249408	
22	23249410	
22	23249413	
22	23249426	
22	23249435	
22	23249440	
22	23249443	
22	23249482	
22	23249507	
22	23249525	
22	23249543	
22	23249546	
22	23249561	
22	23249575	
22	23249594	
22	23249647	
22	23249656	
22	23249692	
22	23249698	
22	23249699	
22	23249703	
22	23249721	
22	23249733	
22	23249737	
22	23249744	
22	23249747	
22	23249752	
22	23249823	
22	23249832	
22	23249838	
22	23249849	
22	23249893	
22	23249923	
22	23249966	
22	23249989	
22	23250032	
22	23250053	
22	23250073	
22	23250088	
22	23250103	
22	23250120	
22	23250144	
22	23250186	
22	23250187	
22	23250230	
22	23250259	
22	23250260	
22	23250277	
22	23250295	
22	23250329	
22	23250342	
22	23250424	
22	23250439	
22	23250472	
22	23250513	
22	23250551	
22	23250561	
22	23250563	
22	23250633	
22	23250667	
22	23250681	
22	23250705	
22	23250719	
22	23250737	
22	23250780	
22	23250784	
22	23250889	
22	23250929	
22	23250939	
22	23251040	
22	23251054	
22	23251066	
22	23251094	
22	23251097	
22	23251102	
22	23251115	
22	23251153	
22	23251231	
22	23251288	
22	23251359	
22	23251394	
22	23251412	
22	23251444	
22	23251454	
22	23251460	
22	23251480	
22	23251500	
22	23251521	
22	23251592	
22	23251602	
22	23251624	
22	23251701	
22	23251733	
22	23251753	
22	23251759	
22	23251785	
22	23251789	
22	23251842	
22	23251857	
22	23251862	
22	23251940	
22	23251958	
22	23251959	
22	23252064	
22	23252079	
22	23252219	
22	23252245	
22	23252270	
22	23252278	
22	23252310	
22	23252347	
22	23252386	
22	23252532	
22	23252545	
22	23252546	
22	23252551	
22	23252562	
22	23252571	
22	23252630	
22	23252654	
22	23252669	
22	23252735	
22	23252767	
22	23252775	
22	23252799	
22	23252815	
22	23252836	
22	23252853	
22	23252865	
22	23252891	
22	23252893	
22	23252924	
22	23252944	
22	23252992	
22	23253036	
22	23253071	
22	23253085	
22	23253104	
22	23253124	
22	23253153	
22	23253163	
22	23253165	
22	23273736	
22	23273737	
22	23273744	
22	23273777	
22	23273799	
22	23273808	
22	23273829	
22	23273839	
22	23273864	
22	23273867	
22	23273885	
22	23273926	
22	23274046	
22	23274086	
22	23274148	
22	23274157	
22	23274165	
22	23274233	
22	23274234	
22	23274278	
22	23274312	
22	23274317	
22	23274333	
22	23274382	
22	23274423	
22	23274465	
22	23274485	
22	23274517	
22	23274572	
22	23274633	
22	23274645	
22	23274691	
22	23274759	
22	23274774	
22	23274810	
22	23274868	
22	23274869	
22	23275023	
22	23275031	
22	23275042	
22	23275049	
22	23275062	
22	23275148	
22	23275187	
22	23275226	
22	23275227	
22	23275341	
22	23275363	
22	23275419	
22	23275430	
22	23275488	
22	23275513	
22	23275532	
22	23275539	
22	23275595	
22	23275596	
22	23275658	
22	23275673	
22	23275675	
22	23275710	
22	23275771	
22	23275772	
22	23275816	
22	23275832	
22	23275838	
22	23275860	
22	23275936	
22	23275960	
22	23276014	
22	23276079	
22	23276091	
22	23276101	
22	23276103	
22	23276112	
22	23276117	
22	23276134	
22	23276186	
22	23276197	
22	23276219	
22	23276220	
22	23276223	
22	23276330	
22	23276348	
22	23276363	
22	23276408	
22	23276409	
22	23276421	
22	23276431	
22	23276435	
22	23276454	
22	23276512	
22	23276520	
22	23276580	
22	23276594	
22	23276621	
22	23276644	
22	23276693	
22	23276703	
22	23276718	
22	23276730	
22	23276733	
22	23276760	
22	23276788	
22	23276817	
22	23276892	
22	23276917	
22	23276931	
22	23276939	
22	23277015	
22	23277029	
22	23277037	
22	23277040	
22	23277061	
22	23277064	
22	23277081	
22	23277105	
22	23277109	
22	23277144	
22	23277175	
22	23277225	
22	23277248	
22	23277255	
22	23277266	
22	23277301	
22	23277309	
22	23277311	
22	23277312	
22	23277313	
22	23277326	
22	23277328	
22	23277339	
22	23277360	
22	23277364	
22	23277366	
22	23277403	
22	23277411	
22	23277419	
22	23277449	
22	23277450	
22	23277455	
22	23277460	
22	23277462	
22	23277468	
22	23277478	
22	23277486	
22	23277490	
22	23277491	
22	23277493	
22	23277494	
22	23277503	
22	23277508	
22	23277511	
22	23277520	
22	23277530	
22	23277549	
22	23277572	
22	23277576	
22	23277577	
22	23277587	
22	23277590	
22	23277610	
22	23277627	
22	23277628	
22	23277687	
22	23277740	
22	23277780	
22	23277804	
22	23277833	
22	23277922	
22	23277923	
22	23277932	
22	23277979	
22	23278084	
22	23278105	
22	23278156	
22	23278191	
22	23278205	
22	23278212	
22	23278218	
22	23278228	
22	23278258	
22	23278268	
22	23278284	
22	23278304	
22	23278307	
22	23278310	
22	23278323	
22	23278324	
22	23278325	
22	23278326	
22	23278328	
22	23278329	
22	23278332	
22	23278333	
22	23278334	
22	23278339	
22	23278340	
22	23278348	
22	23278358	
22	23278375	
22	23278380	
22	23278394	
22	23278422	
22	23278428	
22	23278461	
22	23278464	
22	23278466	
22	23278481	
22	23278487	
22	23278489	
22	23278502	
22	23278511	
22	23278515	
22	23278546	
22	23278593	
22	23278604	
22	23278613	
22	23278623	
22	23278691	
22	23278703	
22	23278706	
22	23278740	
22	23278808	
22	23278828	
22	23278833	
22	23278847	
22	23278848	
22	23278855	
22	23278856	
22	23278873	
22	23278899	
22	23278919	
22	23278920	
22	23278932	
22	23278942	
22	23278967	
22	23278994	
22	23278995	
22	23279007	
22	23279019	
22	23279041	
22	23279065	
22	23279069	
22	23279073	
22	23279075	
22	23279128	
22	23279152	
22	23279191	
22	23279244	
22	23279246	
22	23279296	
22	23279329	
22	23279344	
22	23279380	
22	23279385	
22	23279398	
22	23279401	
22	23279402	
22	23279418	
22	23279440	
22	23279456	
22	23279484	
22	23279531	
22	23279532	
22	23279544	
22	23279568	
22	23279598	
22	23279752	
22	23279832	
22	23279909	
22	23279936	
22	23280088	
22	23280134	
22	23280187	
22	23280232	
22	23280234	
22	23280261	
22	23280315	
22	23280362	
22	23280366	
22	23280388	
22	23280389	
22	23280399	
22	23280415	
22	23280424	
22	23280440	
22	23280442	
22	23280458	
22	23280541	
22	23280593	
22	23280622	
22	23280642	
22	23280647	
22	23280663	
22	23280674	
22	23280678	
22	23280790	
22	23280811	
22	23280814	
22	23280827	
22	23280836	
22	23280909	
22	23280956	
22	23280958	
22	23280977	
22	23281002	
22	23281026	
22	23281054	
22	23281072	
22	23281116	
22	23281121	
22	23281128	
22	23281154	
22	23281159	
22	23281193	
22	23281200	
22	23281204	
22	23281205	
22	23281206	
22	23281222	
22	23281227	
22	23281246	
22	23281259	
22	23281269	
22	23281282	
22	23281297	
22	23281314	
22	23281326	
22	23281338	
22	23281339	
22	23281354	
22	23281359	
22	23281387	
22	23281388	
22	23281422	
22	23281450	
22	23281475	
22	23281504	
22	23281530	
22	23281560	
22	23281583	
22	23281596	
22	23281599	
22	23281620	
22	23281621	
22	23281692	
22	23281693	
22	23281713	
22	23281721	
22	23281731	
22	23281732	
22	23281766	
22	23281789	
22	23281812	
22	23281819	
22	23281828	
22	23281831	
22	23281833	
22	23281834	
22	23281839	
22	23281840	
22	23281874	
22	23281947	
22	23281983	
22	23282028	
22	23282044	
22	23282075	
22	23282110	
22	23282169	
22	23282226	
22	23282286	
22	23282302	
22	23282311	
22	23282332	
22	23282347	
22	23282358	
22	23282369	
22	23282383	
22	23282398	
22	23282410	
22	23282418	
22	23282419	
22	23282421	
22	23282423	
22	23282439	
22	23282452	
22	23282455	
22	23282459	
22	23282478	
22	23282482	
22	23282493	
22	23282508	
22	23282512	
22	23282527	
22	23282534	
22	23282538	
22	23282567	
22	23282574	
22	23282585	
22	23282594	
22	23282605	
22	23282616	
22	23282619	
22	23282621	
22	23282627	
22	23282628	
22	23282631	
22	23282635	
22	23282645	
22	23282654	
22	23282655	
22	23282670	
22	23282676	
22	23282685	
22	23282700	
22	23282708	
22	23282715	
22	23282718	
22	23282724	
22	23282747	
22	23282773	
22	23282775	
22	23282776	
22	23282777	
22	23282789	
22	23282797	
22	23282799	
22	23282800	
22	23282809	
22	23282821	
22	23282822	
22	23282823	
22	23282827	
22	23282832	
22	23282843	
22	23282845	
22	23282854	
22	23282877	
22	23282897	
22	23282918	
22	23282931	
22	23282962	
22	23282969	
22	23282985	
22	23282994	
22	23282999	
22	23283017	
22	23283021	
22	23283036	
22	23283041	
22	23283080	
22	23283083	
22	23283099	
22	23283101	
22	23283215	
22	23283216	
22	23283219	
22	23283256	
22	23283271	
22	23283282	
22	23283289	
22	23283310	
22	23283350	
22	23283370	
22	23283375	
22	23283407	
22	23283504	
22	23283517	
22	23283518	
22	23283522	
22	23283583	
22	23283620	
22	23283632	
22	23283642	
22	23283644	
22	23283657	
22	23283693	
22	23283705	
22	23283834	
22	23283849	
22	23283852	
22	23283927	
22	23283945	
22	23283970	
22	23289657	
22	23289659	
22	23289677	
22	23289707	
22	23289825	
22	23289886	
22	23289912	
22	23289916	
22	23289954	
22	23289975	
22	23289991	
22	23290091	
22	23290144	
22	23290166	
22	23290224	
22	23290236	
22	23290258	
22	23290335	
22	23290352	
22	23290365	
22	23290382	
22	23290429	
22	23290488	
22	23290510	
22	23290514	
22	23290516	
22	23290519	
22	23290545	
22	23290569	
22	23290573	
22	23290577	
22	23290581	
22	23290593	
22	23290609	
22	23290623	
22	23290647	
22	23290649	
22	23290710	
22	23290717	
22	23290734	
22	23290796	
22	23290807	
22	23290928	
22	23290936	
22	23290955	
22	23290971	
22	23291003	
22	23291053	
22	23291076	
22	23291081	
22	23291111	
22	23291146	
22	23291189	
22	23291222	
22	23291240	
22	23291246	
22	23291286	
22	23291300	
22	23291303	
22	23291351	
22	23291357	
22	23291369	
22	23291435	
22	23291441	
22	23291501	
22	23291560	
22	23291585	
22	23291611	
22	23291613	
22	23291662	
22	23291701	
22	23291705	
22	23291710	
22	23291723	
22	23291740	
22	23291745	
22	23291812	
22	23291839	
22	23291852	
22	23291858	
22	23291881	
22	23291884	
22	23291885	
22	23291969	
22	23291994	
22	23292043	
22	23292094	
22	23292104	
22	23292124	
22	23292148	
22	23292180	
22	23292188	
22	23292198	
22	23292204	
22	23292247	
22	23292283	
22	23292407	
22	23292416	
22	23292438	
22	23292463	
22	27133995	
22	27134023	
22	27134054	
22	27134071	
22	27134118	
22	27134139	
22	27134181	
22	27134194	
22	27134378	
22	27134438	
22	27134496	
22	27134522	
22	27134598	
22	27134665	
22	27134680	
22	27134710	
22	27134717	
22	27134810	
22	27134833	
22	27134863	
22	27134864	
22	27134943	
22	27134946	
22	27134981	
22	27135052	
22	27842343	
22	27842441	
22	27842444	
22	27842464	
22	27842476	
22	27842495	
22	27842531	
22	27842601	
22	27842621	
22	27842631	
22	27842692	
22	27842711	
22	27842734	
22	27842779	
22	27842798	
22	27842801	
22	27842845	
22	27842973	
22	27843035	
22	27843048	
22	27843066	
22	27843131	
22	27843190	
22	27843245	
22	27843304	
22	27843353	
22	27843379	
22	27843408	
22	27843426	
22	27843437	
22	27843450	
22	27843494	
22	27843502	
22	27843510	
22	27843515	
22	27843526	
22	27843533	
22	27843545	
22	27843556	
22	27843561	
22	27843564	
22	27843570	
22	27843591	
22	27843599	
22	27843629	
22	27843638	
22	27843648	
22	27843664	
22	27843688	
22	28350715	
22	28350732	
22	28350770	
22	28350807	
22	28350852	
22	28350907	
22	28350911	
22	28350947	
22	28350951	
22	28351007	
22	28351225	
22	28351279	
22	28351285	
22	28351330	
22	28351380	
22	28351396	
22	28351423	
22	28351474	
22	28351745	
22	28351766	
22	28351769	
22	28351778	
22	28351828	
22	28351852	
22	28351904	
22	28351924	
22	28351957	
22	28351962	
22	28351995	
22	28352001	
22	28352046	
22	28352057	
22	28352173	
22	28352226	
22	28352251	
22	28352261	
22	28352306	
22	28352336	
22	28352339	
22	30318982	
22	30319063	
22	30319073	
22	30319116	
22	30319131	
22	30319145	
22	30319218	
22	30319251	
22	30319252	
22	30319274	
22	30319278	
22	30319289	
22	30319313	
22	30822944	
22	30822947	
22	30822993	
22	30823006	
22	30823013	
22	30823036	
22	30823052	
22	30823055	
22	30823062	
22	30823065	
22	30823081	
22	30823104	
22	30823113	
22	30823133	
22	30823145	
22	30823148	
22	30823196	
22	30823218	
22	30823230	
22	30823250	
22	30823307	
22	30823323	
22	30823346	
22	30823352	
22	30823365	
22	30823367	
22	30823379	
22	30823424	
22	30823476	
22	30823490	
22	30823493	
22	30883196	
22	30883217	
22	30883227	
22	30883269	
22	30883330	
22	30883333	
22	30883357	
22	30883378	
22	30883382	
22	30883429	
22	31194261	
22	31194262	
22	31194306	
22	31194354	
22	31194369	
22	31194417	
22	31194468	
22	31194484	
22	31194499	
22	31194545	
22	31194552	
22	31194567	
22	31194568	
22	31194634	
22	31194763	
22	31195941	
22	31195980	
22	31196028	
22	31196059	
22	31196080	
22	31196136	
22	31196171	
22	31623414	
22	31623420	
22	31623442	
22	31623568	
22	31623632	
22	31623666	
22	31623667	
22	31623827	
22	31623880	
22	31624037	
22	31624093	
22	31624094	
22	31624129	
22	31624173	
22	31624200	
22	31624329	
22	31624390	
22	31624415	
22	31624417	
22	31624422	
22	31624428	
22	31624494	
22	31624556	
22	31624558	
22	31624561	
22	31624572	
22	31624578	
22	31624615	
22	31624616	
22	31624634	
22	31624661	
22	31624667	
22	31624706	
22	31624718	
22	31624790	
22	31624791	
22	31624829	
22	31624911	
22	31625020	
22	31625161	
22	31625178	
22	31625392	
22	31625401	
22	31625403	
22	31625419	
22	31625437	
22	31625461	
22	31625510	
22	31625709	
22	31625710	
22	31625742	
22	31625747	
22	31625914	
22	31625969	
22	31626013	
22	31626125	
22	31626156	
22	31626205	
22	31626266	
22	31626288	
22	31626401	
22	31626449	
22	31626457	
22	31626464	
22	31626495	
22	31626627	
22	31626646	
22	31626676	
22	31626766	
22	31626882	
22	31626887	
22	31626937	
22	31626946	
22	31627014	
22	31627027	
22	31627105	
22	31627159	
22	31627205	
22	31627209	
22	31627220	
22	31627247	
22	31627302	
22	31627332	
22	31627344	
22	31627407	
22	31627467	
22	31627504	
22	31627515	
22	31627542	
22	31627589	
22	31627682	
22	31627736	
22	31627738	
22	31627749	
22	31627800	
22	31627805	
22	37985616	
22	37985657	
22	37985715	
22	37985717	
22	37985727	
22	37985728	
22	37985747	
22	37985811	
22	37985822	
22	37985846	
22	37985875	
22	37985915	
22	37985949	
22	37985958	
22	37985966	
22	37985991	
22	37985995	
22	37986066	
22	37986111	
22	37986167	
22	37986173	
22	37986177	
22	37986196	
22	37986211	
22	37986221	
22	37986223	
22	37986239	
22	37986250	
22	37986274	
22	37986283	
22	37986292	
22	37986304	
22	37986319	
22	37986334	
22	37986382	
22	37986383	
22	37986394	
22	37986420	
22	37986442	
22	37998346	
22	37998358	
22	37998455	
22	37998492	
22	37998555	
22	37998565	
22	37998569	
22	37998574	
22	37998676	
22	37998691	
22	37998730	
22	37998738	
22	37998746	
22	37998764	
22	37998774	
22	37998921	
22	37998958	
22	37999029	
22	37999042	
22	37999126	
22	38033255	
22	38033256	
22	38033259	
22	38033280	
22	38033284	
22	38033300	
22	38033305	
22	38033312	
22	38033330	
22	38033363	
22	38033371	
22	38033376	
22	38033421	
22	38033422	
22	38033470	
22	38033484	
22	38033551	
22	38033589	
22	38033634	
22	38033663	
22	38033665	
22	38033671	
22	38033700	
22	38033834	
22	38033851	
22	38033904	
22	38033910	
22	38033985	
22	38034005	
22	38034036	
22	38034043	
22	38034062	
22	38034107	
22	38034112	
22	38034143	
22	38034150	
22	38034179	
22	38034272	
22	38034367	
22	38034392	
22	38034400	
22	38034455	
22	38034472	
22	38034486	
22	41935830	
22	41935847	
22	41935912	
22	41935980	
22	41936019	
22	41936073	
22	41936096	
22	41936238	
22	41936331	
22	41936395	
22	41936396	
22	41936474	
22	41936710	
22	41936720	
22	41936799	
22	41936824	
22	41936858	
22	45794675	
22	45794696	
22	45794723	
22	45794728	
22	45794739	
22	45794776	
22	45794779	
22	45794783	
22	45794815	
22	45794833	
22	45794925	
22	45794996	
22	45795000	
22	45795041	
22	45795050	
22	45795126	
22	45795350	
22	45795361	
22	45795394	
22	45795416	
22	45795440	
22	45795479	
22	45845110	
22	45845112	
22	45845147	
22	45845156	
22	45845189	
22	45845202	
22	45845221	
22	45845233	
22	45845236	
22	45845276	
22	45845353	
22	45845366	
22	45845368	
22	45845398	
22	45845421	
22	45845449	
22	45845469	
22	45845473	
22	45845501	
22	45845530	
22	45845557	
22	45845601	
22	45845626	
22	45845627	
22	45845629	
22	45845689	
22	45845693	
22	45845765	
22	45845824	
22	45845831	
22	45845913	
22	45845929	
22	45845954	
22	45845961	
22	45845962	
22	45846006	
22	45846049	
22	45846061	
22	45846086	
22	45846087	
22	45846089	
22	45846121	
22	45846167	
22	45846185	
22	45846207	
22	45846225	
22	45846241	
22	45846262	
22	45846363	
22	45846371	
22	45846409	
22	50539514	
22	50539542	
22	50539576	
22	50539588	
22	50539667	
22	50539668	
22	50539715	
22	50539730	
22	50539794	
22	50539960	
22	50539981	
