ctT/ctG
intergenic_variant
157.4 5.8 2.6 1.8 1.6 1.5 1.5 1.4 1.2 0.9 0.7 0.5 0.3 0.3 0.3 0.3 0.3 0.3 0.3 0.3 0.3 0.3 0.3 0.3 0.2 0.1 0.0 0.0 0.0 0.0

ctT/ctG
synonymous_variant
168.5 5.2 1.4 0.6 0.3 0.1 0.2 0.2 0.3 0.3 0.4 0.4 0.4 0.4 0.4 0.4 0.3 0.3 0.3 0.2 0.2 0.1 0.1 0.1 0.0 0.0 0.0 0.0 0.0 0.0

gtT/gtG
intergenic_variant
96.1 6.5 3.5 2.7 2.0 1.4 1.0 0.7 0.5 0.4 0.4 0.4 0.4 0.4 0.4 0.4 0.3 0.2 0.2 0.2 0.1 0.2 0.2 0.2 0.1 0.1 0.1 0.0 0.0 0.0

gtT/gtG
synonymous_variant
101.7 2.9 1.5 1.6 1.6 1.5 1.2 1.0 0.8 0.7 0.6 0.6 0.5 0.5 0.4 0.3 0.2 0.1 0.1 0.1 0.1 0.1 0.2 0.2 0.2 0.1 0.1 0.0 0.0 0.0

ggT/ggG
intergenic_variant
60.8 4.2 1.8 1.2 1.0 1.0 1.0 0.9 0.8 0.6 0.5 0.4 0.3 0.2 0.1 0.1 0.1 0.0 0.0 0.0 0.0 0.0 0.0 0.0 0.0 0.0 0.0 0.0 0.0 0.0

ggT/ggG
synonymous_variant
66.3 2.2 1.2 1.1 1.0 0.8 0.6 0.4 0.2 0.1 0.0 0.0 0.0 0.1 0.1 0.1 0.1 0.1 0.1 0.1 0.1 0.0 0.0 0.0 0.0 0.0 0.0 0.0 0.0 0.0

Aga/Cga
intergenic_variant
98.1 4.6 2.6 1.9 1.4 1.0 0.7 0.5 0.4 0.3 0.2 0.2 0.1 0.1 0.1 0.2 0.2 0.2 0.2 0.2 0.2 0.3 0.3 0.3 0.3 0.2 0.1 0.1 0.0 0.0

Aga/Cga
synonymous_variant
106.6 4.2 1.3 0.8 0.5 0.3 0.2 0.2 0.2 0.2 0.2 0.1 0.1 0.1 0.0 0.0 0.0 0.0 0.0 0.0 0.0 0.0 0.0 0.0 0.0 0.0 0.0 0.0 0.0 0.0

Agg/Cgg
intergenic_variant
96.2 5.6 3.1 2.2 1.5 1.0 0.7 0.4 0.3 0.2 0.2 0.2 0.2 0.2 0.2 0.2 0.2 0.2 0.1 0.1 0.1 0.2 0.3 0.3 0.3 0.3 0.2 0.1 0.1 0.0

Agg/Cgg
synonymous_variant
106.0 3.4 1.1 0.7 0.6 0.5 0.4 0.3 0.3 0.3 0.3 0.3 0.2 0.2 0.1 0.1 0.0 0.0 0.0 0.0 0.0 0.0 0.0 0.0 0.0 0.0 0.0 0.0 0.0 0.0

ccT/ccG
intergenic_variant
171.7 6.3 3.4 2.9 2.5 1.9 1.5 1.1 0.8 0.6 0.5 0.4 0.4 0.3 0.3 0.3 0.3 0.3 0.2 0.2 0.2 0.2 0.2 0.2 0.1 0.1 0.0 0.0 0.0 0.0

ccT/ccG
synonymous_variant
174.5 8.8 4.0 2.2 1.2 0.7 0.4 0.3 0.3 0.3 0.4 0.4 0.4 0.4 0.3 0.2 0.1 0.1 0.1 0.2 0.2 0.3 0.3 0.3 0.3 0.2 0.1 0.0 0.0 0.0

tcT/tcG
intergenic_variant
152.3 7.3 3.2 2.0 1.4 1.1 1.0 0.8 0.7 0.6 0.5 0.5 0.4 0.4 0.4 0.4 0.3 0.3 0.2 0.2 0.2 0.2 0.2 0.1 0.1 0.1 0.0 0.0 0.0 0.0

tcT/tcG
synonymous_variant
151.7 5.8 2.2 1.6 1.3 1.2 1.2 1.2 1.3 1.2 1.0 0.8 0.6 0.4 0.3 0.2 0.1 0.1 0.1 0.2 0.1 0.1 0.1 0.1 0.0 0.0 0.0 0.0 0.1 0.4

acT/acG
intergenic_variant
145.7 8.0 4.9 3.7 2.8 2.1 1.6 1.4 1.2 1.1 1.0 1.0 0.9 0.9 0.8 0.7 0.6 0.5 0.4 0.3 0.2 0.2 0.2 0.2 0.2 0.3 0.4 0.3 0.3 0.1

acT/acG
synonymous_variant
160.4 7.6 3.3 2.0 1.3 1.0 0.8 0.7 0.7 0.7 0.6 0.6 0.5 0.4 0.3 0.2 0.1 0.1 0.1 0.1 0.1 0.1 0.2 0.2 0.2 0.1 0.1 0.0 0.0 0.0

gcT/gcG
intergenic_variant
128.9 4.9 2.4 1.9 1.7 1.4 1.0 0.7 0.5 0.4 0.4 0.4 0.4 0.5 0.6 0.8 0.9 1.0 1.0 0.9 0.8 0.6 0.4 0.3 0.2 0.2 0.2 0.2 0.3 0.2

gcT/gcG
synonymous_variant
129.1 5.3 2.6 2.0 1.7 1.5 1.3 1.1 0.9 0.7 0.5 0.4 0.4 0.5 0.5 0.6 0.6 0.6 0.6 0.6 0.5 0.4 0.3 0.2 0.2 0.2 0.2 0.2 0.2 0.1

acA/acC
intergenic_variant
184.5 8.1 3.1 1.7 1.3 1.2 1.2 1.1 1.1 0.9 0.8 0.7 0.6 0.6 0.6 0.6 0.7 0.7 0.7 0.6 0.5 0.5 0.4 0.3 0.2 0.2 0.1 0.1 0.2 0.4

acA/acC
synonymous_variant
185.2 9.7 4.1 2.5 1.6 1.1 0.8 0.7 0.7 0.6 0.6 0.6 0.5 0.4 0.4 0.4 0.4 0.4 0.4 0.4 0.4 0.3 0.3 0.2 0.2 0.2 0.2 0.2 0.2 0.1

ccA/ccC
intergenic_variant
161.3 8.2 3.1 2.0 1.6 1.5 1.4 1.2 1.0 0.7 0.6 0.5 0.5 0.5 0.6 0.7 0.8 0.8 0.8 0.7 0.6 0.4 0.3 0.2 0.2 0.2 0.2 0.2 0.1 0.1

ccA/ccC
synonymous_variant
164.8 7.7 3.7 2.5 1.9 1.5 1.3 1.2 1.1 0.9 0.8 0.7 0.6 0.5 0.4 0.3 0.3 0.2 0.2 0.2 0.1 0.1 0.1 0.2 0.2 0.2 0.1 0.1 0.0 0.0

tcA/tcC
intergenic_variant
159.5 7.1 3.7 2.7 2.1 1.6 1.3 1.0 0.7 0.5 0.3 0.2 0.2 0.2 0.2 0.3 0.3 0.3 0.3 0.3 0.3 0.3 0.3 0.3 0.3 0.2 0.2 0.1 0.1 0.3

tcA/tcC
synonymous_variant
171.1 5.3 1.8 1.2 0.9 0.7 0.6 0.6 0.5 0.4 0.3 0.3 0.2 0.1 0.1 0.1 0.1 0.1 0.1 0.1 0.2 0.1 0.1 0.1 0.1 0.2 0.2 0.2 0.1 0.1

gcA/gcC
intergenic_variant
207.8 10.7 4.4 2.6 2.0 1.6 1.5 1.4 1.4 1.3 1.3 1.2 1.1 1.0 0.9 0.8 0.7 0.6 0.6 0.6 0.6 0.7 0.8 0.9 1.0 0.9 0.8 0.5 0.2 0.1

gcA/gcC
synonymous_variant
213.0 9.1 4.0 3.0 2.7 2.5 2.1 1.7 1.3 1.0 0.8 0.7 0.7 0.7 0.7 0.7 0.6 0.6 0.6 0.6 0.5 0.5 0.4 0.3 0.2 0.1 0.0 0.0 0.0 0.0

cgT/cgG
intergenic_variant
24.9 0.7 0.3 0.2 0.2 0.3 0.3 0.3 0.3 0.2 0.1 0.1 0.0 0.0 0.0 0.0 0.0 0.0 0.0 0.0 0.0 0.0 0.0 0.0 0.0 0.0 0.0 0.0 0.0 0.0

cgT/cgG
synonymous_variant
25.6 1.1 0.3 0.1 0.0 0.0 0.0 0.0 0.1 0.1 0.1 0.1 0.1 0.1 0.1 0.1 0.0 0.0 0.0 0.0 0.0 0.0 0.0 0.0 0.0 0.0 0.0 0.0 0.0 0.0

ggA/ggC
intergenic_variant
138.1 6.0 1.3 0.8 0.9 1.0 0.9 0.8 0.7 0.6 0.5 0.4 0.3 0.2 0.2 0.1 0.1 0.0 0.0 0.0 0.0 0.0 0.0 0.0 0.0 0.0 0.0 0.0 0.0 0.0

ggA/ggC
synonymous_variant
135.9 3.8 1.3 0.9 0.9 0.8 0.7 0.6 0.6 0.6 0.6 0.6 0.6 0.5 0.5 0.4 0.3 0.2 0.2 0.2 0.2 0.2 0.2 0.2 0.2 0.2 0.2 0.2 0.2 0.1

cgA/cgC
intergenic_variant
45.0 1.9 1.0 0.7 0.5 0.3 0.2 0.1 0.1 0.1 0.1 0.2 0.2 0.3 0.3 0.3 0.2 0.2 0.1 0.1 0.1 0.1 0.1 0.1 0.2 0.2 0.1 0.1 0.0 0.0

cgA/cgC
synonymous_variant
42.7 2.5 1.0 0.7 0.5 0.3 0.3 0.3 0.3 0.4 0.5 0.5 0.5 0.4 0.4 0.3 0.3 0.2 0.2 0.2 0.1 0.1 0.1 0.0 0.0 0.0 0.0 0.0 0.0 0.0

gtA/gtC
intergenic_variant
56.8 2.5 1.5 1.2 1.0 0.8 0.7 0.5 0.4 0.3 0.2 0.1 0.0 0.0 0.0 0.0 0.0 0.0 0.0 0.1 0.1 0.2 0.3 0.3 0.3 0.3 0.2 0.1 0.0 0.0

gtA/gtC
synonymous_variant
57.7 3.9 1.7 0.9 0.7 0.7 0.7 0.6 0.5 0.4 0.3 0.2 0.2 0.1 0.1 0.0 0.0 0.0 0.0 0.0 0.0 0.0 0.0 0.0 0.0 0.0 0.0 0.0 0.0 0.0

ctA/ctC
intergenic_variant
101.4 3.4 1.1 0.7 0.6 0.7 0.8 0.8 0.9 0.8 0.7 0.6 0.5 0.4 0.2 0.2 0.1 0.1 0.1 0.1 0.1 0.2 0.2 0.1 0.1 0.1 0.0 0.0 0.0 0.0

ctA/ctC
synonymous_variant
98.9 4.0 2.1 1.5 1.2 1.0 0.9 0.8 0.7 0.5 0.4 0.3 0.2 0.2 0.2 0.2 0.2 0.2 0.3 0.3 0.3 0.2 0.2 0.1 0.0 0.0 0.0 0.0 0.0 0.0

atA/atC
intergenic_variant
50.9 2.3 1.3 1.0 0.8 0.6 0.5 0.4 0.4 0.3 0.3 0.2 0.2 0.2 0.2 0.1 0.1 0.1 0.0 0.0 0.0 0.0 0.0 0.0 0.0 0.0 0.1 0.2 0.3 0.3

atA/atC
synonymous_variant
50.2 3.9 2.0 1.1 0.5 0.2 0.2 0.1 0.2 0.2 0.2 0.2 0.2 0.2 0.2 0.2 0.2 0.2 0.2 0.2 0.2 0.1 0.1 0.1 0.0 0.0 0.0 0.0 0.0 0.0

aaA/aaG
intergenic_variant
716.7 39.2 18.1 12.3 9.2 7.3 5.9 4.8 3.9 3.4 3.0 2.8 2.6 2.5 2.3 2.1 1.9 1.7 1.6 1.4 1.3 1.3 1.3 1.4 1.6 1.7 1.6 1.4 1.0 0.5

aaA/aaG
synonymous_variant
757.2 31.7 13.2 8.9 6.7 5.3 4.4 3.9 3.5 3.1 2.8 2.4 2.0 1.7 1.4 1.1 0.9 0.8 0.6 0.5 0.4 0.3 0.2 0.2 0.2 0.3 0.3 0.4 0.4 0.5

caA/caG
intergenic_variant
1133.1 50.7 22.6 15.2 11.3 9.0 7.7 7.0 6.5 6.1 5.6 4.9 4.2 3.5 2.8 2.3 1.9 1.6 1.5 1.4 1.4 1.3 1.2 1.2 1.1 1.0 0.9 0.9 0.7 0.4

caA/caG
synonymous_variant
1142.6 48.3 19.3 12.6 9.7 8.3 7.3 6.3 5.4 4.6 4.0 3.5 3.2 3.0 2.9 2.7 2.7 2.6 2.5 2.4 2.2 2.1 1.9 1.7 1.5 1.3 1.1 1.0 0.9 0.8

gaA/gaG
intergenic_variant
903.8 43.1 18.4 11.8 8.7 6.8 5.6 4.9 4.5 4.2 4.1 4.0 3.9 3.7 3.4 3.1 2.8 2.4 2.0 1.6 1.2 1.0 1.0 1.1 1.4 1.6 1.7 1.5 1.1 0.6

gaA/gaG
synonymous_variant
941.6 40.7 17.0 10.1 6.6 4.7 3.6 3.0 2.7 2.5 2.4 2.3 2.3 2.2 2.0 1.8 1.6 1.4 1.1 0.9 0.8 0.7 0.7 0.6 0.6 0.5 0.4 0.2 0.1 0.0

Ttg/Ctg
intergenic_variant
728.7 35.9 18.0 11.9 8.2 6.1 5.0 4.3 4.0 3.8 3.7 3.5 3.2 2.9 2.4 2.0 1.7 1.5 1.4 1.4 1.3 1.2 1.1 0.9 0.7 0.6 0.5 0.6 0.8 1.0

Ttg/Ctg
synonymous_variant
749.1 29.7 11.8 8.0 6.4 5.5 4.9 4.5 4.2 3.9 3.4 3.0 2.5 2.2 1.9 1.7 1.5 1.4 1.2 1.1 1.1 1.0 1.0 0.9 0.9 0.8 0.9 0.9 0.9 0.9

atT/atC
intergenic_variant
398.8 16.9 7.2 5.1 4.2 3.6 3.1 2.8 2.5 2.1 1.7 1.4 1.1 0.9 0.8 0.7 0.7 0.6 0.6 0.6 0.7 0.8 0.9 1.1 1.2 1.1 0.9 0.6 0.3 0.2

atT/atC
synonymous_variant
407.5 18.5 7.8 4.8 3.3 2.4 1.9 1.6 1.3 1.2 1.1 1.1 1.0 1.0 1.0 1.0 0.9 0.8 0.7 0.6 0.5 0.4 0.3 0.3 0.3 0.3 0.4 0.4 0.5 0.5

ctT/ctC
intergenic_variant
284.4 13.5 6.9 5.0 3.7 2.9 2.4 2.1 1.8 1.5 1.2 1.0 0.8 0.6 0.5 0.4 0.3 0.3 0.2 0.3 0.3 0.3 0.4 0.4 0.4 0.4 0.4 0.5 0.6 0.8

ctT/ctC
synonymous_variant
299.3 11.0 3.7 2.5 2.2 2.0 1.8 1.7 1.6 1.4 1.2 1.0 0.8 0.6 0.5 0.5 0.4 0.4 0.4 0.3 0.3 0.2 0.2 0.1 0.2 0.2 0.2 0.2 0.1 0.1

ttT/ttC
intergenic_variant
464.9 23.3 10.1 6.5 5.2 4.6 4.0 3.3 2.7 2.3 2.1 2.0 2.0 1.8 1.6 1.3 1.0 0.7 0.5 0.4 0.4 0.4 0.4 0.3 0.3 0.3 0.3 0.3 0.2 0.1

ttT/ttC
synonymous_variant
467.4 22.3 9.3 5.7 4.1 3.2 2.8 2.6 2.4 2.4 2.4 2.4 2.3 2.1 1.8 1.5 1.2 0.9 0.8 0.6 0.5 0.4 0.4 0.3 0.3 0.3 0.3 0.2 0.1 0.1

gtT/gtC
intergenic_variant
199.6 7.8 3.4 2.8 2.4 2.0 1.7 1.6 1.5 1.4 1.2 1.1 1.0 0.9 0.8 0.7 0.6 0.5 0.4 0.3 0.2 0.2 0.2 0.3 0.3 0.5 0.5 0.5 0.4 0.2

gtT/gtC
synonymous_variant
201.4 8.2 3.1 1.9 1.5 1.4 1.3 1.2 1.1 1.0 1.0 0.9 0.9 0.9 0.9 0.9 0.9 1.0 1.0 0.9 0.8 0.7 0.6 0.5 0.4 0.3 0.2 0.1 0.1 0.0

agT/agC
intergenic_variant
402.5 15.9 7.0 4.7 3.7 3.3 3.0 2.8 2.7 2.6 2.5 2.4 2.2 2.0 1.8 1.6 1.4 1.3 1.3 1.2 1.3 1.3 1.2 1.1 0.9 0.7 0.5 0.4 0.4 0.5

agT/agC
synonymous_variant
417.0 15.0 6.2 4.3 3.5 3.1 2.7 2.4 2.0 1.7 1.5 1.4 1.3 1.3 1.3 1.3 1.3 1.3 1.2 1.1 1.0 0.8 0.6 0.4 0.3 0.3 0.2 0.2 0.1 0.0

cgT/cgC
intergenic_variant
103.8 4.4 1.7 1.2 1.0 0.9 0.9 0.8 0.7 0.7 0.6 0.6 0.5 0.5 0.5 0.5 0.6 0.6 0.6 0.5 0.5 0.4 0.3 0.2 0.2 0.2 0.2 0.2 0.2 0.1

cgT/cgC
synonymous_variant
107.4 4.2 2.1 1.6 1.3 1.1 0.9 0.8 0.8 0.7 0.6 0.5 0.4 0.3 0.2 0.1 0.0 0.0 0.0 0.0 0.0 0.0 0.0 0.0 0.0 0.0 0.0 0.1 0.3 0.3

tgT/tgC
intergenic_variant
287.1 11.6 5.0 3.6 2.9 2.4 2.0 1.7 1.5 1.3 1.1 1.0 0.9 0.8 0.8 0.8 0.7 0.7 0.6 0.6 0.5 0.4 0.3 0.3 0.3 0.3 0.4 0.5 0.4 0.3

tgT/tgC
synonymous_variant
287.9 11.6 5.5 4.0 3.3 2.9 2.5 2.1 1.7 1.4 1.2 1.0 0.8 0.7 0.6 0.6 0.6 0.6 0.5 0.5 0.4 0.3 0.2 0.1 0.1 0.2 0.2 0.2 0.2 0.1

Tta/Cta
intergenic_variant
165.8 6.8 3.3 2.8 2.4 2.0 1.6 1.4 1.2 1.1 0.9 0.7 0.6 0.5 0.4 0.3 0.3 0.3 0.3 0.3 0.3 0.2 0.2 0.1 0.0 0.0 0.0 0.0 0.0 0.0

Tta/Cta
synonymous_variant
177.3 5.1 1.6 0.8 0.6 0.6 0.8 1.0 1.0 1.0 0.9 0.8 0.6 0.5 0.4 0.3 0.2 0.2 0.1 0.1 0.0 0.0 0.0 0.0 0.0 0.0 0.0 0.0 0.0 0.0

ggT/ggC
intergenic_variant
255.9 11.8 3.5 1.7 1.2 1.0 1.0 1.0 0.9 0.8 0.7 0.6 0.5 0.5 0.4 0.5 0.5 0.5 0.5 0.5 0.5 0.5 0.4 0.3 0.2 0.1 0.1 0.2 0.4 0.7

ggT/ggC
synonymous_variant
240.9 12.8 5.6 3.9 3.2 2.7 2.2 1.9 1.6 1.5 1.3 1.2 1.0 0.8 0.6 0.4 0.3 0.3 0.3 0.3 0.4 0.4 0.5 0.6 0.7 0.7 0.6 0.5 0.4 0.2

tcT/tcC
intergenic_variant
425.7 19.6 9.1 6.2 4.6 3.7 3.2 3.0 2.8 2.6 2.3 2.0 1.8 1.5 1.3 1.1 1.0 0.9 0.9 0.9 0.8 0.8 0.8 0.8 0.9 0.9 0.9 0.8 0.6 0.4

tcT/tcC
synonymous_variant
444.9 14.5 6.3 4.9 4.4 3.9 3.2 2.5 2.0 1.6 1.3 1.1 1.0 0.8 0.7 0.6 0.6 0.7 0.7 0.8 0.8 0.8 0.8 0.7 0.5 0.4 0.4 0.3 0.3 0.2

ccT/ccC
intergenic_variant
423.2 22.3 10.6 7.8 6.4 5.2 4.2 3.4 2.9 2.5 2.2 2.0 1.7 1.4 1.2 1.0 0.9 0.9 0.9 0.9 0.9 0.9 1.0 0.9 0.9 0.7 0.6 0.4 0.2 0.2

ccT/ccC
synonymous_variant
442.3 20.0 7.8 4.9 3.7 3.2 2.8 2.4 2.1 1.8 1.6 1.5 1.5 1.5 1.5 1.5 1.3 1.2 1.0 0.9 0.8 0.7 0.7 0.7 0.7 0.7 0.6 0.4 0.2 0.1

gcT/gcC
intergenic_variant
507.9 25.4 11.3 7.7 5.7 4.3 3.2 2.5 2.1 1.9 1.8 1.6 1.5 1.3 1.1 0.9 0.9 0.9 1.0 1.1 1.2 1.2 1.2 1.1 1.0 0.8 0.6 0.4 0.3 0.1

gcT/gcC
synonymous_variant
522.4 22.0 7.9 4.7 3.5 3.0 2.8 2.7 2.7 2.5 2.2 1.8 1.4 1.1 0.8 0.7 0.6 0.6 0.6 0.7 0.8 0.8 0.9 0.9 1.0 1.0 0.8 0.6 0.4 0.2

acT/acC
intergenic_variant
449.7 16.8 6.9 5.2 4.6 4.2 3.9 3.5 3.0 2.4 2.0 1.7 1.5 1.3 1.1 1.0 0.8 0.7 0.6 0.6 0.5 0.5 0.4 0.4 0.3 0.3 0.3 0.3 0.2 0.1

acT/acC
synonymous_variant
460.7 16.1 5.4 3.6 3.1 2.9 2.7 2.4 2.1 1.8 1.4 1.1 0.9 0.8 0.7 0.7 0.8 0.9 1.0 1.0 0.9 0.8 0.7 0.6 0.4 0.3 0.3 0.3 0.3 0.2

gaT/gaC
intergenic_variant
1038.0 44.0 18.4 11.9 8.7 7.0 6.1 5.6 5.2 4.8 4.3 3.8 3.3 2.9 2.5 2.2 1.9 1.6 1.4 1.2 1.0 0.8 0.7 0.7 0.7 0.8 0.9 1.0 1.0 1.3

gaT/gaC
synonymous_variant
1049.1 44.7 17.1 11.2 8.9 7.6 6.5 5.4 4.4 3.6 3.0 2.5 2.1 1.8 1.5 1.3 1.2 1.2 1.2 1.1 1.0 0.9 0.7 0.6 0.5 0.4 0.5 0.8 1.3 1.8

taT/taC
intergenic_variant
986.5 39.7 16.7 11.8 9.3 7.5 6.4 5.7 5.2 4.7 4.1 3.5 3.0 2.6 2.2 1.9 1.7 1.6 1.5 1.6 1.7 1.8 1.9 1.9 1.9 1.9 1.8 1.9 1.9 1.8

taT/taC
synonymous_variant
995.2 42.0 16.4 10.6 8.2 6.9 6.1 5.5 5.0 4.4 3.9 3.4 3.0 2.7 2.4 2.3 2.2 2.2 2.1 2.0 1.9 1.7 1.6 1.4 1.3 1.1 0.8 0.5 0.2 0.1

caT/caC
intergenic_variant
704.8 30.5 12.9 9.4 7.5 6.2 5.2 4.5 3.9 3.5 3.2 3.0 2.9 2.9 2.8 2.7 2.5 2.3 2.1 1.9 1.6 1.4 1.2 1.1 1.0 1.1 1.2 1.5 1.6 1.2

caT/caC
synonymous_variant
730.0 26.9 9.5 6.4 5.6 5.4 5.1 4.7 3.9 3.2 2.5 2.1 1.8 1.7 1.6 1.5 1.4 1.4 1.3 1.2 1.1 1.0 0.9 0.9 0.8 0.8 0.8 0.8 0.8 1.0

aaT/aaC
intergenic_variant
897.8 34.8 13.9 9.9 7.9 6.6 5.7 5.2 4.9 4.7 4.5 4.2 3.9 3.6 3.2 2.9 2.7 2.5 2.3 2.1 1.9 1.7 1.4 1.3 1.1 1.0 0.9 0.8 0.7 0.5

aaT/aaC
synonymous_variant
908.9 36.5 14.4 9.8 7.6 6.4 5.6 5.1 4.6 4.1 3.5 3.0 2.6 2.4 2.3 2.3 2.2 2.1 1.9 1.6 1.4 1.1 0.9 0.7 0.4 0.3 0.2 0.2 0.6 1.1

ccA/ccG
intergenic_variant
895.0 42.1 18.6 12.4 9.2 7.2 5.9 5.0 4.5 4.2 4.0 3.9 3.7 3.5 3.3 3.0 2.8 2.5 2.2 2.0 1.8 1.7 1.6 1.5 1.4 1.3 1.1 0.9 0.7 0.7

ccA/ccG
synonymous_variant
912.9 37.8 15.2 10.3 8.3 7.1 6.3 5.5 4.7 4.1 3.6 3.2 2.8 2.6 2.3 2.1 1.9 1.8 1.8 1.7 1.6 1.5 1.4 1.3 1.3 1.2 1.2 1.1 1.0 1.0

acA/acG
intergenic_variant
894.6 42.8 18.2 13.0 10.7 9.1 7.9 6.9 6.0 5.4 4.8 4.3 3.8 3.3 2.8 2.2 1.8 1.4 1.2 1.1 1.0 1.0 1.0 0.9 0.8 0.8 0.9 1.1 1.3 1.4

acA/acG
synonymous_variant
912.9 40.6 18.2 12.2 8.7 6.4 5.0 4.2 3.7 3.4 3.1 2.9 2.6 2.4 2.2 2.1 2.0 2.0 1.9 1.9 1.8 1.7 1.6 1.4 1.4 1.3 1.3 1.2 1.2 1.3

gcA/gcG
intergenic_variant
737.6 31.8 13.6 9.9 8.2 6.9 6.0 5.4 5.0 4.7 4.6 4.4 4.1 3.7 3.2 2.7 2.3 1.9 1.7 1.5 1.3 1.1 0.9 0.7 0.5 0.3 0.3 0.4 0.6 0.9

gcA/gcG
synonymous_variant
754.5 36.8 14.3 8.9 6.9 6.1 5.4 4.7 4.0 3.3 2.9 2.5 2.3 2.0 1.8 1.6 1.4 1.3 1.1 1.0 0.9 0.8 0.7 0.6 0.6 0.6 0.5 0.5 0.6 0.8

tcA/tcG
intergenic_variant
547.4 26.8 11.2 7.2 5.3 4.2 3.5 3.0 2.5 2.2 1.9 1.7 1.5 1.4 1.3 1.3 1.3 1.2 1.2 1.1 1.0 0.9 0.9 1.0 1.1 1.2 1.3 1.1 0.8 0.4

tcA/tcG
synonymous_variant
570.6 21.1 9.0 6.1 4.2 2.8 2.0 1.5 1.3 1.2 1.3 1.3 1.3 1.2 1.1 1.1 1.0 1.0 1.1 1.1 1.2 1.2 1.1 1.0 0.8 0.6 0.4 0.2 0.1 0.0

ggA/ggG
intergenic_variant
345.1 14.8 6.8 5.6 5.0 4.3 3.6 3.0 2.5 2.1 1.8 1.5 1.2 0.9 0.7 0.5 0.4 0.3 0.2 0.2 0.2 0.1 0.2 0.2 0.3 0.4 0.5 0.5 0.5 0.4

ggA/ggG
synonymous_variant
360.2 14.7 4.9 3.0 2.3 1.9 1.6 1.4 1.3 1.1 0.9 0.7 0.6 0.6 0.6 0.6 0.7 0.7 0.7 0.7 0.7 0.7 0.8 0.8 0.9 0.8 0.6 0.4 0.2 0.1

agA/agG
intergenic_variant
328.4 16.2 7.1 5.2 4.2 3.6 3.1 2.8 2.6 2.5 2.3 2.2 2.0 1.7 1.5 1.2 1.0 0.9 0.8 0.7 0.6 0.5 0.4 0.3 0.2 0.1 0.0 0.0 0.0 0.0

agA/agG
synonymous_variant
350.5 12.8 5.2 3.6 2.8 2.4 2.1 1.8 1.5 1.2 0.9 0.8 0.6 0.5 0.5 0.5 0.5 0.5 0.5 0.6 0.6 0.5 0.5 0.4 0.3 0.3 0.3 0.3 0.2 0.1

cgA/cgG
intergenic_variant
116.5 5.1 2.1 1.7 1.8 1.8 1.8 1.7 1.5 1.1 0.8 0.6 0.4 0.3 0.4 0.4 0.4 0.4 0.4 0.3 0.2 0.2 0.2 0.2 0.2 0.2 0.1 0.1 0.0 0.0

cgA/cgG
synonymous_variant
119.7 5.8 2.1 1.2 0.8 0.7 0.6 0.6 0.6 0.5 0.5 0.5 0.5 0.5 0.6 0.6 0.6 0.6 0.5 0.5 0.4 0.3 0.3 0.3 0.3 0.4 0.4 0.4 0.2 0.1

ttA/ttG
intergenic_variant
325.1 11.8 4.9 3.4 2.7 2.2 1.8 1.4 1.2 1.0 0.9 0.9 0.9 0.9 0.9 0.9 0.8 0.8 0.7 0.7 0.6 0.7 0.7 0.6 0.6 0.5 0.4 0.2 0.1 0.1

ttA/ttG
synonymous_variant
325.5 10.5 4.1 3.2 2.9 2.6 2.2 1.9 1.7 1.5 1.4 1.3 1.3 1.2 1.1 1.0 0.9 0.7 0.6 0.5 0.4 0.4 0.4 0.3 0.2 0.2 0.1 0.1 0.2 0.4

ctA/ctG
intergenic_variant
672.3 27.5 10.5 6.9 5.5 4.7 4.2 3.9 3.5 3.2 3.0 2.7 2.5 2.4 2.1 1.9 1.7 1.4 1.2 1.0 0.8 0.7 0.6 0.6 0.5 0.6 0.6 0.6 0.6 0.6

ctA/ctG
synonymous_variant
676.1 28.1 12.9 8.7 6.3 4.8 3.8 3.2 2.8 2.5 2.3 2.1 1.8 1.6 1.4 1.2 1.1 1.1 1.0 0.9 0.8 0.7 0.6 0.4 0.3 0.3 0.3 0.3 0.3 0.3

gtA/gtG
intergenic_variant
379.9 19.8 7.9 4.9 3.8 3.2 2.7 2.2 1.8 1.6 1.4 1.3 1.2 1.1 1.0 0.9 0.8 0.7 0.6 0.5 0.4 0.3 0.2 0.2 0.2 0.3 0.3 0.3 0.4 0.6

gtA/gtG
synonymous_variant
387.7 14.5 5.8 4.2 3.7 3.3 3.1 2.8 2.6 2.3 2.0 1.7 1.4 1.2 1.0 0.8 0.7 0.6 0.5 0.4 0.4 0.3 0.3 0.2 0.2 0.1 0.1 0.0 0.0 0.0

atT/atA
intergenic_variant
122.5 7.9 3.6 2.1 1.4 1.0 0.8 0.7 0.6 0.5 0.5 0.5 0.5 0.5 0.5 0.4 0.4 0.3 0.2 0.2 0.2 0.2 0.2 0.1 0.1 0.1 0.0 0.0 0.0 0.0

atT/atA
synonymous_variant
131.4 4.9 2.1 1.1 0.7 0.5 0.5 0.5 0.5 0.5 0.4 0.3 0.2 0.2 0.1 0.1 0.1 0.1 0.1 0.2 0.2 0.2 0.2 0.2 0.2 0.2 0.1 0.1 0.0 0.0

ccT/ccA
intergenic_variant
129.1 5.2 1.3 0.8 0.8 0.8 0.8 0.7 0.6 0.5 0.5 0.5 0.5 0.5 0.4 0.4 0.3 0.2 0.1 0.0 0.0 0.0 0.0 0.0 0.0 0.0 0.0 0.0 0.0 0.0

ccT/ccA
synonymous_variant
127.2 4.7 2.0 1.3 0.9 0.6 0.4 0.3 0.3 0.3 0.3 0.3 0.3 0.4 0.4 0.4 0.4 0.4 0.3 0.3 0.2 0.2 0.2 0.2 0.2 0.2 0.1 0.1 0.0 0.0

tcT/tcA
intergenic_variant
91.2 3.5 1.7 1.3 0.9 0.6 0.5 0.4 0.3 0.3 0.3 0.3 0.3 0.3 0.3 0.3 0.2 0.2 0.2 0.2 0.2 0.1 0.1 0.1 0.0 0.0 0.0 0.0 0.0 0.0

tcT/tcA
synonymous_variant
93.9 4.1 0.9 0.3 0.2 0.2 0.2 0.2 0.2 0.2 0.2 0.2 0.2 0.2 0.2 0.2 0.2 0.2 0.2 0.2 0.2 0.3 0.3 0.3 0.3 0.2 0.2 0.1 0.0 0.0

tcA/tcT
intergenic_variant
119.4 7.9 3.4 2.2 1.7 1.4 1.2 1.0 0.9 0.7 0.6 0.5 0.4 0.3 0.3 0.3 0.2 0.2 0.2 0.2 0.2 0.2 0.2 0.2 0.2 0.1 0.1 0.0 0.0 0.0

tcA/tcT
synonymous_variant
128.8 4.4 1.9 1.3 1.0 0.8 0.7 0.7 0.7 0.7 0.6 0.5 0.4 0.3 0.2 0.1 0.1 0.1 0.1 0.1 0.2 0.1 0.1 0.1 0.0 0.0 0.0 0.0 0.0 0.0

ctT/ctA
intergenic_variant
62.1 1.9 1.3 1.5 1.6 1.4 1.1 0.8 0.6 0.5 0.5 0.4 0.4 0.3 0.2 0.2 0.1 0.1 0.1 0.1 0.2 0.2 0.1 0.1 0.1 0.1 0.2 0.2 0.3 0.2

ctT/ctA
synonymous_variant
72.8 1.7 0.6 0.4 0.3 0.2 0.1 0.0 0.0 0.0 0.0 0.1 0.1 0.1 0.1 0.1 0.1 0.1 0.1 0.0 0.0 0.0 0.0 0.0 0.0 0.0 0.0 0.0 0.0 0.0

acA/acT
intergenic_variant
177.1 8.1 3.4 2.5 1.9 1.4 1.1 0.8 0.6 0.4 0.3 0.3 0.3 0.3 0.3 0.3 0.3 0.2 0.2 0.1 0.1 0.1 0.2 0.2 0.2 0.1 0.1 0.0 0.0 0.0

acA/acT
synonymous_variant
183.3 5.4 2.1 1.6 1.3 1.0 0.8 0.6 0.6 0.5 0.5 0.5 0.4 0.4 0.3 0.2 0.2 0.1 0.1 0.0 0.0 0.0 0.1 0.1 0.1 0.2 0.2 0.2 0.1 0.0

gtT/gtA
intergenic_variant
51.2 2.2 1.5 1.3 1.1 0.7 0.5 0.3 0.2 0.1 0.1 0.1 0.2 0.2 0.3 0.3 0.3 0.3 0.3 0.3 0.2 0.2 0.1 0.1 0.0 0.0 0.0 0.0 0.0 0.0

gtT/gtA
synonymous_variant
58.3 2.3 0.7 0.3 0.2 0.2 0.2 0.2 0.2 0.1 0.1 0.1 0.0 0.0 0.0 0.0 0.0 0.0 0.0 0.0 0.0 0.0 0.0 0.0 0.0 0.0 0.0 0.0 0.0 0.0

gcA/gcT
intergenic_variant
116.7 5.3 2.3 1.5 1.0 0.7 0.7 0.7 0.6 0.5 0.4 0.3 0.2 0.2 0.2 0.2 0.2 0.1 0.1 0.1 0.0 0.0 0.0 0.0 0.0 0.0 0.0 0.0 0.1 0.4

gcA/gcT
synonymous_variant
118.4 4.3 1.6 0.9 0.7 0.6 0.6 0.5 0.4 0.4 0.3 0.2 0.2 0.2 0.2 0.2 0.2 0.2 0.2 0.2 0.2 0.1 0.1 0.1 0.1 0.2 0.3 0.4 0.5 0.3

ccA/ccT
intergenic_variant
130.3 5.7 2.8 2.3 1.9 1.5 1.2 1.0 0.7 0.5 0.4 0.3 0.3 0.3 0.2 0.2 0.2 0.2 0.2 0.2 0.2 0.2 0.1 0.1 0.1 0.0 0.0 0.0 0.0 0.0

ccA/ccT
synonymous_variant
130.9 5.1 2.3 1.7 1.4 1.3 1.2 0.9 0.7 0.6 0.5 0.4 0.4 0.4 0.4 0.5 0.5 0.4 0.4 0.3 0.2 0.2 0.1 0.0 0.0 0.0 0.0 0.0 0.0 0.0

ggT/ggA
intergenic_variant
64.0 3.5 2.1 1.5 1.1 0.8 0.5 0.3 0.2 0.1 0.0 0.0 0.0 0.1 0.1 0.1 0.1 0.1 0.1 0.1 0.1 0.0 0.0 0.0 0.0 0.0 0.1 0.2 0.3 0.3

ggT/ggA
synonymous_variant
66.2 3.9 1.9 1.1 0.7 0.5 0.3 0.2 0.1 0.1 0.1 0.1 0.1 0.1 0.1 0.1 0.1 0.1 0.1 0.0 0.0 0.0 0.0 0.0 0.0 0.0 0.0 0.0 0.0 0.0

gcT/gcA
intergenic_variant
128.5 4.7 1.9 1.3 1.1 1.0 1.0 0.9 0.8 0.7 0.5 0.4 0.2 0.2 0.2 0.2 0.2 0.1 0.1 0.1 0.0 0.0 0.0 0.0 0.0 0.0 0.0 0.0 0.0 0.0

gcT/gcA
synonymous_variant
130.3 4.0 1.3 0.8 0.5 0.3 0.4 0.5 0.6 0.7 0.7 0.6 0.6 0.5 0.4 0.3 0.2 0.2 0.1 0.1 0.1 0.1 0.1 0.2 0.2 0.2 0.1 0.1 0.0 0.0

acT/acA
intergenic_variant
111.7 4.8 1.6 1.2 0.9 0.7 0.5 0.3 0.2 0.2 0.2 0.3 0.3 0.4 0.4 0.4 0.3 0.3 0.2 0.2 0.2 0.2 0.2 0.1 0.1 0.0 0.0 0.0 0.0 0.0

acT/acA
synonymous_variant
113.0 4.2 1.4 1.1 0.9 0.7 0.6 0.4 0.4 0.4 0.3 0.3 0.2 0.2 0.2 0.2 0.2 0.2 0.2 0.2 0.2 0.2 0.2 0.2 0.1 0.1 0.0 0.0 0.0 0.0

ggA/ggT
intergenic_variant
148.7 6.7 3.0 1.8 1.1 0.8 0.6 0.6 0.5 0.5 0.5 0.5 0.5 0.5 0.4 0.4 0.3 0.2 0.1 0.1 0.1 0.0 0.0 0.0 0.0 0.0 0.0 0.0 0.0 0.0

ggA/ggT
synonymous_variant
152.9 4.9 2.0 1.2 0.7 0.5 0.4 0.4 0.3 0.3 0.2 0.2 0.2 0.2 0.2 0.1 0.1 0.1 0.1 0.1 0.1 0.1 0.2 0.2 0.1 0.1 0.1 0.2 0.5 0.7

cgA/cgT
intergenic_variant
36.5 1.1 0.7 0.7 0.6 0.4 0.3 0.2 0.2 0.1 0.1 0.1 0.1 0.1 0.1 0.2 0.3 0.3 0.4 0.4 0.3 0.3 0.2 0.2 0.1 0.1 0.0 0.0 0.0 0.0

cgA/cgT
synonymous_variant
37.9 1.7 1.1 0.8 0.5 0.4 0.3 0.2 0.1 0.1 0.1 0.1 0.1 0.1 0.1 0.1 0.1 0.0 0.0 0.0 0.0 0.0 0.0 0.0 0.0 0.0 0.0 0.0 0.0 0.0

gtA/gtT
intergenic_variant
52.1 2.6 0.9 0.8 0.8 0.7 0.6 0.5 0.4 0.3 0.2 0.2 0.1 0.1 0.1 0.1 0.1 0.1 0.1 0.0 0.0 0.0 0.0 0.0 0.0 0.0 0.0 0.0 0.0 0.0

gtA/gtT
synonymous_variant
55.8 2.0 0.8 0.3 0.1 0.1 0.1 0.2 0.3 0.3 0.3 0.3 0.2 0.1 0.1 0.0 0.0 0.0 0.0 0.0 0.0 0.0 0.0 0.0 0.0 0.0 0.0 0.0 0.0 0.0

atA/atT
intergenic_variant
57.9 1.6 0.7 0.7 0.7 0.8 0.7 0.7 0.6 0.5 0.4 0.3 0.3 0.2 0.2 0.2 0.2 0.2 0.2 0.3 0.3 0.3 0.3 0.3 0.2 0.2 0.1 0.0 0.0 0.0

atA/atT
synonymous_variant
62.6 3.0 0.7 0.4 0.4 0.3 0.3 0.2 0.2 0.2 0.2 0.2 0.1 0.1 0.1 0.0 0.0 0.0 0.0 0.0 0.0 0.0 0.0 0.0 0.0 0.0 0.0 0.0 0.0 0.0

ctA/ctT
intergenic_variant
42.0 1.9 0.5 0.3 0.2 0.1 0.1 0.1 0.1 0.2 0.2 0.2 0.2 0.2 0.2 0.2 0.2 0.2 0.2 0.2 0.2 0.2 0.2 0.1 0.1 0.0 0.0 0.0 0.0 0.0

ctA/ctT
synonymous_variant
44.1 1.7 0.6 0.3 0.2 0.1 0.1 0.2 0.2 0.1 0.1 0.1 0.0 0.0 0.0 0.0 0.0 0.0 0.0 0.0 0.0 0.0 0.0 0.0 0.0 0.0 0.0 0.0 0.0 0.0

gtG/gtT
intergenic_variant
272.1 16.0 6.9 4.1 2.9 2.4 2.0 1.8 1.5 1.3 1.1 0.9 0.8 0.7 0.7 0.7 0.7 0.7 0.7 0.6 0.6 0.5 0.4 0.4 0.3 0.3 0.3 0.2 0.1 0.1

gtG/gtT
synonymous_variant
282.8 14.0 6.1 4.0 2.6 1.8 1.2 1.0 0.8 0.7 0.7 0.7 0.6 0.6 0.5 0.4 0.3 0.3 0.2 0.2 0.2 0.2 0.2 0.2 0.3 0.4 0.4 0.4 0.3 0.1

ctG/ctT
intergenic_variant
416.0 18.4 7.6 5.4 4.4 3.7 3.2 2.9 2.5 2.2 1.8 1.4 1.1 0.8 0.6 0.5 0.4 0.4 0.4 0.4 0.4 0.4 0.4 0.4 0.4 0.4 0.4 0.4 0.4 0.5

ctG/ctT
synonymous_variant
422.7 18.9 8.7 5.5 3.8 2.7 2.0 1.6 1.3 1.1 1.0 1.1 1.1 1.1 1.1 1.0 0.9 0.8 0.6 0.5 0.5 0.4 0.4 0.4 0.3 0.2 0.2 0.2 0.3 0.3

ggG/ggT
intergenic_variant
297.8 11.0 5.0 4.2 3.7 3.0 2.3 1.7 1.4 1.2 1.1 0.9 0.8 0.6 0.4 0.3 0.2 0.2 0.1 0.1 0.0 0.0 0.0 0.0 0.0 0.0 0.0 0.0 0.0 0.0

ggG/ggT
synonymous_variant
292.2 10.9 4.1 2.8 2.2 1.9 1.8 1.7 1.6 1.6 1.5 1.5 1.5 1.4 1.3 1.2 1.1 0.9 0.7 0.6 0.5 0.3 0.2 0.2 0.1 0.1 0.2 0.4 0.5 0.6

gcG/gcT
intergenic_variant
135.9 6.2 2.3 1.6 1.4 1.3 1.1 1.1 1.1 1.1 1.1 1.1 1.0 0.9 0.8 0.6 0.5 0.5 0.4 0.4 0.3 0.3 0.3 0.3 0.3 0.3 0.3 0.3 0.2 0.1

gcG/gcT
synonymous_variant
142.0 7.1 2.4 1.2 0.8 0.7 0.7 0.7 0.6 0.6 0.6 0.6 0.6 0.5 0.4 0.4 0.3 0.3 0.3 0.3 0.3 0.3 0.2 0.2 0.2 0.2 0.2 0.1 0.1 0.0

ccG/ccT
intergenic_variant
189.3 11.3 5.1 3.1 2.2 1.7 1.4 1.2 1.0 0.8 0.7 0.6 0.6 0.5 0.4 0.4 0.3 0.3 0.3 0.4 0.4 0.5 0.5 0.5 0.5 0.4 0.3 0.1 0.0 0.0

ccG/ccT
synonymous_variant
193.3 8.9 3.2 2.3 1.9 1.8 1.8 1.7 1.6 1.4 1.2 0.9 0.7 0.5 0.4 0.3 0.3 0.3 0.3 0.3 0.2 0.2 0.2 0.2 0.1 0.2 0.2 0.2 0.2 0.1

Cga/Aga
intergenic_variant
181.5 11.2 4.3 2.6 2.0 1.5 1.2 1.0 0.8 0.7 0.7 0.7 0.7 0.8 0.9 1.0 1.1 1.1 1.1 1.0 0.9 0.8 0.6 0.4 0.2 0.1 0.0 0.0 0.0 0.0

Cga/Aga
synonymous_variant
194.7 9.0 3.4 1.9 1.3 1.0 0.9 0.8 0.7 0.5 0.4 0.3 0.3 0.2 0.2 0.2 0.2 0.2 0.2 0.2 0.2 0.2 0.2 0.3 0.3 0.3 0.2 0.2 0.1 0.0

acG/acT
intergenic_variant
176.8 10.7 5.0 3.3 2.9 2.8 2.6 2.3 1.9 1.4 1.1 0.9 0.7 0.7 0.6 0.6 0.6 0.6 0.7 0.7 0.7 0.7 0.6 0.5 0.3 0.2 0.1 0.0 0.0 0.0

acG/acT
synonymous_variant
189.1 9.8 4.2 2.5 1.6 1.1 0.9 0.8 0.9 0.9 1.0 1.0 0.9 0.9 0.8 0.7 0.7 0.6 0.5 0.4 0.3 0.2 0.1 0.1 0.0 0.0 0.0 0.0 0.0 0.0

Cgg/Agg
intergenic_variant
282.1 17.7 8.1 5.1 3.7 3.0 2.6 2.3 1.9 1.6 1.2 1.0 0.9 0.9 0.8 0.8 0.7 0.7 0.6 0.6 0.5 0.4 0.3 0.2 0.1 0.1 0.0 0.0 0.1 0.4

Cgg/Agg
synonymous_variant
298.1 13.5 5.8 3.6 2.6 2.2 2.0 1.8 1.5 1.1 0.8 0.5 0.3 0.2 0.1 0.2 0.2 0.3 0.4 0.4 0.4 0.4 0.3 0.3 0.3 0.3 0.4 0.4 0.4 0.2

acC/acA
intergenic_variant
265.5 14.7 5.5 3.6 3.0 2.9 2.7 2.4 2.1 1.9 1.8 1.7 1.7 1.6 1.5 1.3 1.2 1.1 1.0 0.8 0.7 0.5 0.4 0.3 0.3 0.3 0.2 0.2 0.3 0.4

acC/acA
synonymous_variant
282.2 13.1 6.0 3.8 2.7 2.1 1.8 1.6 1.5 1.4 1.3 1.1 0.9 0.7 0.6 0.5 0.4 0.3 0.3 0.2 0.2 0.1 0.1 0.0 0.0 0.0 0.0 0.0 0.0 0.0

ccC/ccA
intergenic_variant
210.5 13.8 6.9 4.6 3.3 2.5 2.1 1.8 1.5 1.3 1.2 1.2 1.1 1.1 1.1 1.0 0.9 0.7 0.6 0.5 0.5 0.4 0.5 0.5 0.5 0.4 0.3 0.2 0.1 0.0

ccC/ccA
synonymous_variant
220.2 14.0 6.0 3.9 2.9 2.3 1.9 1.6 1.3 1.0 0.7 0.5 0.4 0.4 0.4 0.4 0.4 0.4 0.4 0.3 0.2 0.2 0.1 0.1 0.2 0.2 0.2 0.2 0.1 0.0

tcC/tcA
intergenic_variant
166.7 7.3 2.3 1.4 1.3 1.4 1.3 1.1 0.8 0.6 0.4 0.3 0.3 0.3 0.3 0.3 0.3 0.3 0.3 0.3 0.3 0.3 0.3 0.3 0.2 0.1 0.1 0.0 0.0 0.0

tcC/tcA
synonymous_variant
173.2 5.1 1.7 1.2 1.0 0.8 0.6 0.5 0.4 0.4 0.3 0.3 0.2 0.2 0.2 0.1 0.2 0.2 0.1 0.1 0.1 0.1 0.1 0.1 0.1 0.2 0.2 0.2 0.1 0.0

gcC/gcA
intergenic_variant
229.5 10.3 5.1 3.6 2.6 1.9 1.4 1.2 1.1 1.1 1.1 1.2 1.2 1.1 1.0 0.8 0.7 0.6 0.5 0.4 0.4 0.4 0.4 0.3 0.3 0.3 0.3 0.2 0.2 0.1

gcC/gcA
synonymous_variant
235.6 9.2 3.1 2.2 2.1 2.0 1.8 1.5 1.3 1.0 0.8 0.7 0.7 0.7 0.7 0.7 0.8 0.8 0.8 0.7 0.6 0.5 0.3 0.2 0.1 0.0 0.0 0.0 0.0 0.0

cgG/cgT
intergenic_variant
142.8 6.5 2.7 1.8 1.5 1.3 1.0 0.9 0.8 0.8 0.7 0.7 0.6 0.5 0.5 0.4 0.5 0.5 0.5 0.6 0.6 0.6 0.5 0.4 0.2 0.1 0.0 0.0 0.0 0.0

cgG/cgT
synonymous_variant
153.7 6.0 2.2 1.2 0.7 0.5 0.4 0.4 0.4 0.4 0.4 0.4 0.3 0.3 0.2 0.2 0.1 0.1 0.0 0.0 0.0 0.0 0.0 0.0 0.0 0.0 0.0 0.0 0.0 0.0

ggC/ggA
intergenic_variant
262.0 8.8 4.0 3.2 2.8 2.4 2.1 1.8 1.4 1.1 0.8 0.6 0.5 0.4 0.4 0.4 0.4 0.4 0.5 0.6 0.6 0.7 0.8 0.7 0.6 0.5 0.4 0.3 0.2 0.1

ggC/ggA
synonymous_variant
252.7 13.1 5.3 3.5 2.8 2.4 2.0 1.8 1.6 1.4 1.2 1.1 1.0 0.9 0.9 0.9 0.9 0.9 0.8 0.7 0.7 0.6 0.6 0.6 0.5 0.4 0.3 0.2 0.1 0.0

cgC/cgA
intergenic_variant
74.5 6.2 2.4 1.1 0.6 0.4 0.3 0.2 0.2 0.1 0.2 0.2 0.3 0.4 0.5 0.6 0.6 0.6 0.6 0.5 0.5 0.4 0.4 0.4 0.4 0.4 0.4 0.3 0.1 0.0

cgC/cgA
synonymous_variant
82.8 2.7 1.0 0.5 0.3 0.3 0.3 0.3 0.3 0.3 0.3 0.3 0.3 0.3 0.3 0.3 0.3 0.3 0.3 0.3 0.2 0.2 0.3 0.3 0.3 0.3 0.3 0.2 0.1 0.0

tcG/tcT
intergenic_variant
118.6 6.3 2.5 1.6 1.3 1.1 1.0 1.0 1.0 1.0 0.9 0.8 0.6 0.5 0.4 0.3 0.3 0.2 0.2 0.2 0.1 0.1 0.0 0.0 0.0 0.0 0.0 0.0 0.1 0.3

tcG/tcT
synonymous_variant
123.5 4.2 1.9 1.5 1.3 1.1 0.9 0.7 0.5 0.4 0.3 0.3 0.3 0.3 0.3 0.3 0.3 0.3 0.4 0.5 0.5 0.4 0.3 0.2 0.1 0.1 0.0 0.0 0.0 0.0

gtC/gtA
intergenic_variant
132.7 6.1 2.6 1.8 1.3 1.1 0.9 0.7 0.6 0.6 0.6 0.5 0.5 0.5 0.5 0.5 0.6 0.6 0.7 0.7 0.6 0.5 0.4 0.4 0.4 0.4 0.4 0.4 0.2 0.1

gtC/gtA
synonymous_variant
141.2 6.9 3.0 1.9 1.3 0.8 0.5 0.3 0.2 0.2 0.2 0.3 0.3 0.3 0.2 0.2 0.1 0.1 0.0 0.0 0.0 0.0 0.0 0.0 0.0 0.0 0.0 0.0 0.0 0.0

ctC/ctA
intergenic_variant
174.1 6.8 3.1 2.0 1.4 1.2 1.0 0.8 0.7 0.6 0.5 0.5 0.5 0.5 0.5 0.5 0.4 0.4 0.4 0.4 0.4 0.4 0.4 0.4 0.4 0.3 0.2 0.1 0.1 0.0

ctC/ctA
synonymous_variant
174.1 7.3 2.0 0.9 0.6 0.6 0.7 0.9 1.0 1.2 1.1 1.0 0.9 0.7 0.5 0.3 0.2 0.2 0.3 0.3 0.4 0.5 0.5 0.5 0.5 0.4 0.2 0.1 0.1 0.3

atC/atA
intergenic_variant
380.5 17.0 7.1 4.7 3.4 2.7 2.2 2.0 1.8 1.7 1.6 1.5 1.3 1.2 1.2 1.1 1.1 1.1 1.0 1.0 0.9 0.8 0.7 0.5 0.4 0.2 0.2 0.2 0.3 0.3

atC/atA
synonymous_variant
387.2 18.2 7.7 4.9 3.3 2.3 1.7 1.4 1.3 1.4 1.4 1.4 1.3 1.1 0.9 0.6 0.4 0.3 0.1 0.1 0.1 0.1 0.1 0.3 0.4 0.5 0.6 0.5 0.3 0.2

ctG/ctC
intergenic_variant
508.1 22.3 9.3 6.2 4.6 3.7 3.0 2.6 2.3 2.1 1.9 1.8 1.7 1.6 1.5 1.5 1.4 1.4 1.3 1.2 1.2 1.0 0.8 0.6 0.4 0.3 0.1 0.0 0.0 0.0

ctG/ctC
synonymous_variant
505.7 22.7 10.3 7.0 5.0 3.7 2.9 2.4 2.1 1.9 1.7 1.6 1.5 1.5 1.6 1.7 1.7 1.6 1.5 1.3 1.0 0.8 0.6 0.5 0.4 0.4 0.4 0.3 0.2 0.1

gtG/gtC
intergenic_variant
243.5 9.2 3.0 1.7 1.2 1.0 0.8 0.6 0.5 0.4 0.3 0.3 0.3 0.3 0.3 0.3 0.3 0.3 0.3 0.2 0.2 0.1 0.1 0.0 0.0 0.0 0.0 0.0 0.0 0.0

gtG/gtC
synonymous_variant
224.0 12.0 6.0 4.2 3.2 2.6 2.1 1.6 1.2 0.9 0.7 0.6 0.5 0.5 0.5 0.5 0.5 0.5 0.4 0.4 0.4 0.3 0.2 0.1 0.1 0.0 0.0 0.0 0.1 0.3

ggG/ggC
intergenic_variant
176.1 8.9 4.2 2.6 1.8 1.4 1.1 1.0 0.8 0.8 0.7 0.7 0.7 0.8 0.7 0.7 0.6 0.5 0.4 0.4 0.3 0.3 0.2 0.1 0.1 0.0 0.0 0.0 0.0 0.0

ggG/ggC
synonymous_variant
180.4 6.5 2.2 1.4 1.4 1.4 1.4 1.4 1.3 1.1 1.0 0.8 0.7 0.6 0.6 0.6 0.6 0.5 0.4 0.3 0.2 0.1 0.0 0.0 0.0 0.0 0.0 0.1 0.2 0.4

gcG/gcC
intergenic_variant
99.2 6.9 2.6 1.9 1.5 1.4 1.4 1.4 1.5 1.4 1.3 1.2 1.0 0.8 0.6 0.4 0.3 0.2 0.1 0.0 0.0 0.0 0.0 0.0 0.0 0.0 0.0 0.1 0.2 0.4

gcG/gcC
synonymous_variant
111.3 6.3 2.2 1.1 0.7 0.5 0.4 0.4 0.4 0.3 0.3 0.2 0.2 0.2 0.2 0.1 0.1 0.1 0.1 0.1 0.1 0.1 0.1 0.2 0.2 0.1 0.1 0.0 0.0 0.0

acG/acC
intergenic_variant
119.0 9.0 4.2 2.7 2.1 1.9 1.9 2.0 2.1 2.1 2.0 1.8 1.5 1.1 0.8 0.6 0.5 0.4 0.4 0.3 0.3 0.3 0.3 0.2 0.1 0.1 0.0 0.0 0.1 0.3

acG/acC
synonymous_variant
133.5 8.1 3.8 2.8 2.3 2.0 1.7 1.4 1.1 0.8 0.6 0.4 0.3 0.2 0.1 0.1 0.0 0.0 0.0 0.0 0.0 0.0 0.0 0.0 0.0 0.0 0.0 0.0 0.0 0.0

tcC/tcG
intergenic_variant
218.8 9.8 4.5 3.2 2.5 2.1 1.8 1.6 1.4 1.1 0.8 0.6 0.4 0.2 0.1 0.1 0.0 0.0 0.0 0.0 0.0 0.0 0.0 0.0 0.0 0.0 0.0 0.0 0.0 0.0

tcC/tcG
synonymous_variant
217.5 10.2 4.6 3.1 2.3 1.9 1.6 1.4 1.2 0.9 0.7 0.6 0.5 0.4 0.4 0.3 0.3 0.3 0.2 0.2 0.1 0.1 0.0 0.0 0.0 0.0 0.0 0.0 0.0 0.0

acC/acG
intergenic_variant
398.2 18.1 8.1 5.8 4.9 4.3 3.7 3.2 2.6 2.1 1.7 1.5 1.3 1.2 1.1 1.0 1.0 0.9 0.8 0.7 0.6 0.5 0.4 0.4 0.4 0.3 0.3 0.3 0.3 0.6

acC/acG
synonymous_variant
414.1 16.0 5.8 4.0 3.2 2.7 2.4 2.2 2.1 1.9 1.7 1.4 1.1 0.9 0.8 0.8 0.7 0.7 0.7 0.6 0.5 0.4 0.2 0.2 0.1 0.2 0.3 0.4 0.4 0.5

gcC/gcG
intergenic_variant
356.4 14.6 6.9 5.5 4.8 4.2 3.5 2.9 2.4 2.1 1.8 1.6 1.5 1.4 1.3 1.2 1.2 1.1 1.0 0.9 0.8 0.6 0.5 0.5 0.4 0.4 0.3 0.2 0.1 0.1

gcC/gcG
synonymous_variant
365.9 17.6 6.9 4.2 3.0 2.4 2.1 2.0 1.9 1.8 1.6 1.4 1.2 1.1 0.9 0.8 0.7 0.5 0.4 0.4 0.3 0.4 0.5 0.5 0.5 0.4 0.3 0.1 0.1 0.0

ccC/ccG
intergenic_variant
425.8 22.3 9.3 6.4 5.2 4.3 3.4 2.6 2.0 1.7 1.7 1.8 1.9 1.9 1.9 1.8 1.6 1.5 1.3 1.2 1.1 1.0 0.8 0.7 0.7 0.6 0.6 0.5 0.4 0.2

ccC/ccG
synonymous_variant
436.6 22.1 9.0 6.2 4.7 3.6 2.9 2.3 1.9 1.7 1.5 1.4 1.3 1.2 1.2 1.1 1.1 1.0 1.0 0.9 0.7 0.6 0.5 0.4 0.4 0.3 0.2 0.1 0.0 0.0

ccG/ccC
intergenic_variant
93.5 5.1 2.3 2.0 1.8 1.4 1.0 0.6 0.4 0.4 0.4 0.4 0.4 0.3 0.3 0.3 0.3 0.3 0.3 0.2 0.1 0.1 0.1 0.0 0.0 0.0 0.0 0.0 0.0 0.0

ccG/ccC
synonymous_variant
94.2 4.0 1.6 1.2 1.0 0.7 0.7 0.7 0.7 0.8 0.9 0.8 0.8 0.7 0.6 0.5 0.4 0.4 0.4 0.3 0.3 0.2 0.1 0.1 0.0 0.0 0.0 0.0 0.0 0.0

tcG/tcC
intergenic_variant
105.1 6.6 3.4 2.2 1.3 0.9 0.6 0.5 0.4 0.4 0.3 0.3 0.3 0.3 0.3 0.3 0.3 0.4 0.4 0.4 0.4 0.4 0.3 0.2 0.1 0.1 0.0 0.0 0.0 0.0

tcG/tcC
synonymous_variant
111.4 4.4 1.6 1.1 1.0 0.8 0.7 0.6 0.5 0.4 0.3 0.3 0.2 0.2 0.2 0.1 0.1 0.1 0.1 0.1 0.1 0.1 0.2 0.2 0.3 0.3 0.3 0.2 0.2 0.1

cgC/cgG
intergenic_variant
62.5 3.4 1.5 0.9 0.7 0.5 0.5 0.5 0.5 0.5 0.5 0.5 0.4 0.4 0.3 0.3 0.3 0.3 0.3 0.3 0.3 0.2 0.2 0.2 0.1 0.1 0.0 0.0 0.0 0.0

cgC/cgG
synonymous_variant
70.2 2.3 0.7 0.4 0.2 0.2 0.1 0.2 0.2 0.2 0.2 0.2 0.2 0.2 0.2 0.1 0.1 0.1 0.0 0.0 0.0 0.0 0.0 0.0 0.0 0.0 0.0 0.0 0.0 0.0

ggC/ggG
intergenic_variant
146.1 9.3 4.1 2.9 2.4 2.1 1.8 1.7 1.6 1.4 1.3 1.1 0.9 0.6 0.5 0.4 0.3 0.3 0.4 0.4 0.4 0.4 0.4 0.4 0.3 0.2 0.1 0.1 0.0 0.0

ggC/ggG
synonymous_variant
159.5 6.4 2.5 1.9 1.5 1.1 0.9 0.7 0.7 0.6 0.6 0.6 0.5 0.5 0.4 0.4 0.4 0.3 0.3 0.2 0.2 0.2 0.2 0.1 0.1 0.1 0.0 0.0 0.1 0.3

cgG/cgC
intergenic_variant
108.0 5.7 2.0 0.9 0.5 0.3 0.3 0.4 0.4 0.3 0.3 0.3 0.3 0.2 0.2 0.2 0.2 0.2 0.2 0.2 0.3 0.3 0.3 0.3 0.3 0.2 0.1 0.0 0.0 0.0

cgG/cgC
synonymous_variant
106.8 5.4 1.8 1.1 1.0 1.1 1.1 1.1 0.9 0.7 0.5 0.3 0.1 0.1 0.0 0.0 0.1 0.1 0.1 0.1 0.2 0.1 0.1 0.1 0.0 0.0 0.0 0.0 0.0 0.0

gtC/gtG
intergenic_variant
248.2 6.8 3.2 3.3 2.9 2.4 1.8 1.3 1.0 0.8 0.7 0.6 0.6 0.6 0.6 0.6 0.5 0.5 0.5 0.4 0.3 0.2 0.1 0.1 0.0 0.0 0.0 0.0 0.0 0.0

gtC/gtG
synonymous_variant
243.0 10.7 4.3 2.8 2.3 2.2 2.0 1.7 1.3 1.0 0.7 0.5 0.4 0.3 0.3 0.3 0.4 0.4 0.4 0.4 0.3 0.3 0.3 0.2 0.2 0.2 0.1 0.1 0.0 0.2

ctC/ctG
intergenic_variant
452.7 21.9 10.1 7.1 5.3 4.1 3.4 3.0 3.0 3.0 3.0 2.9 2.7 2.4 2.0 1.6 1.3 1.0 0.7 0.5 0.4 0.3 0.3 0.3 0.3 0.4 0.5 0.6 0.6 0.4

ctC/ctG
synonymous_variant
463.8 21.5 9.3 6.2 4.7 3.6 2.8 2.2 1.8 1.6 1.5 1.5 1.5 1.5 1.5 1.5 1.4 1.4 1.4 1.3 1.3 1.1 0.9 0.7 0.4 0.2 0.1 0.0 0.0 0.0

caC/caT
intergenic_variant
2093.6 105.3 46.0 30.0 22.0 17.5 14.8 13.1 11.9 10.7 9.6 8.5 7.7 6.9 6.3 5.8 5.3 4.8 4.3 3.9 3.5 3.2 2.8 2.5 2.3 2.1 2.0 1.8 1.6 1.9

caC/caT
synonymous_variant
2169.5 90.4 39.4 26.7 19.7 15.3 12.3 10.2 8.7 7.7 6.8 6.1 5.5 4.8 4.2 3.7 3.2 2.8 2.5 2.2 1.9 1.7 1.4 1.1 1.0 0.9 0.9 0.9 0.9 0.8

taC/taT
intergenic_variant
2126.2 107.3 44.5 29.0 21.6 17.4 14.9 13.2 12.0 11.0 10.2 9.5 8.9 8.3 7.6 6.9 6.1 5.3 4.6 3.9 3.4 3.1 2.9 2.8 2.8 2.7 2.4 2.1 1.7 1.4

taC/taT
synonymous_variant
2224.7 86.2 31.5 21.1 17.0 14.5 12.7 11.2 9.9 8.7 7.6 6.7 5.9 5.1 4.5 3.9 3.3 2.9 2.5 2.2 2.0 1.8 1.7 1.5 1.3 1.2 1.2 1.1 1.0 0.8

aaC/aaT
intergenic_variant
2590.1 124.0 52.4 34.6 26.2 21.3 17.9 15.1 12.9 11.1 9.7 8.6 7.9 7.5 7.4 7.3 7.2 7.0 6.6 6.1 5.4 4.8 4.2 3.7 3.2 2.7 2.3 1.9 1.5 1.0

aaC/aaT
synonymous_variant
2688.4 104.8 41.2 27.5 20.4 16.0 13.0 11.0 9.7 8.6 7.7 7.0 6.4 5.9 5.5 5.2 4.9 4.6 4.2 3.7 3.1 2.5 2.0 1.7 1.5 1.3 1.1 0.9 0.7 0.7

ctG/ctA
intergenic_variant
1494.7 76.3 31.5 19.5 14.1 11.4 9.8 8.7 7.8 7.0 6.2 5.5 4.8 4.3 3.9 3.6 3.3 3.1 2.9 2.7 2.5 2.3 2.0 1.8 1.6 1.4 1.3 1.5 1.7 1.7

ctG/ctA
synonymous_variant
1534.2 66.0 26.9 17.9 13.7 11.6 10.2 9.0 7.8 6.6 5.4 4.4 3.6 3.1 2.7 2.5 2.3 2.0 1.8 1.6 1.5 1.3 1.1 0.8 0.6 0.4 0.3 0.3 0.3 0.2

gaC/gaT
intergenic_variant
3283.5 155.2 67.7 46.0 34.8 28.0 23.7 20.4 17.8 15.4 13.4 11.7 10.3 9.3 8.4 7.6 6.9 6.3 5.7 5.2 4.8 4.5 4.3 4.0 3.8 3.5 3.3 3.1 3.0 2.7

gaC/gaT
synonymous_variant
3390.6 139.3 56.1 37.3 28.0 22.2 18.2 15.4 13.3 11.8 10.5 9.4 8.4 7.5 6.6 5.7 4.8 4.0 3.4 2.9 2.5 2.3 2.1 1.9 1.7 1.5 1.4 1.4 1.6 2.2

gtG/gtA
intergenic_variant
1250.0 53.0 22.8 16.5 13.9 12.0 10.2 8.4 6.9 5.8 5.1 4.7 4.4 4.3 4.1 3.8 3.4 3.1 2.7 2.4 2.1 1.8 1.6 1.5 1.4 1.3 1.3 1.4 1.5 1.5

gtG/gtA
synonymous_variant
1299.8 51.6 17.7 10.9 8.3 7.1 6.3 5.7 5.1 4.5 3.9 3.4 3.0 2.7 2.4 2.1 2.0 1.9 1.7 1.7 1.6 1.6 1.5 1.5 1.4 1.2 1.0 0.7 0.4 0.2

ttG/ttA
intergenic_variant
496.0 22.3 8.5 5.1 3.6 2.9 2.6 2.3 2.1 1.8 1.6 1.5 1.5 1.5 1.5 1.5 1.4 1.3 1.1 1.0 0.8 0.7 0.7 0.6 0.5 0.3 0.2 0.1 0.2 0.4

ttG/ttA
synonymous_variant
507.2 22.1 7.5 3.7 2.5 2.0 2.0 2.0 2.1 2.1 1.9 1.7 1.5 1.3 1.1 0.9 0.8 0.7 0.6 0.5 0.4 0.4 0.3 0.3 0.2 0.1 0.1 0.0 0.0 0.0

ggG/ggA
intergenic_variant
782.4 45.2 19.7 13.6 10.5 8.5 7.0 6.0 5.1 4.5 3.9 3.4 3.0 2.6 2.2 1.9 1.7 1.5 1.4 1.2 1.1 1.0 0.9 0.8 0.7 0.5 0.4 0.2 0.2 0.3

ggG/ggA
synonymous_variant
806.4 46.7 18.1 10.8 7.7 6.2 5.3 4.5 3.9 3.3 2.7 2.3 1.9 1.6 1.3 1.2 1.1 1.1 1.1 1.1 1.0 0.8 0.6 0.5 0.3 0.2 0.1 0.0 0.0 0.0

agG/agA
intergenic_variant
657.0 37.2 16.9 11.4 8.4 6.5 5.3 4.5 3.9 3.5 3.1 2.7 2.3 1.9 1.5 1.3 1.1 1.0 0.9 0.8 0.8 0.8 0.7 0.7 0.7 0.6 0.5 0.5 0.3 0.2

agG/agA
synonymous_variant
672.2 38.0 14.5 8.9 6.7 5.4 4.6 4.0 3.5 3.1 2.7 2.3 2.0 1.6 1.3 1.0 0.8 0.6 0.5 0.5 0.5 0.5 0.5 0.5 0.4 0.3 0.2 0.1 0.0 0.0

cgG/cgA
intergenic_variant
411.1 21.9 9.6 6.3 4.4 3.1 2.3 1.7 1.4 1.2 1.1 1.0 0.9 0.9 0.8 0.8 0.9 0.8 0.8 0.7 0.6 0.5 0.4 0.3 0.2 0.1 0.1 0.3 0.5 0.7

cgG/cgA
synonymous_variant
416.6 20.6 7.4 4.3 3.1 2.5 2.3 2.1 2.0 1.7 1.5 1.2 0.9 0.8 0.7 0.6 0.6 0.6 0.6 0.6 0.6 0.7 0.6 0.6 0.4 0.3 0.2 0.2 0.3 0.6

gcG/gcA
intergenic_variant
2742.7 144.8 60.3 39.5 30.2 24.9 21.4 18.6 16.3 14.3 12.5 11.1 9.9 9.0 8.2 7.4 6.6 5.9 5.3 5.0 4.8 4.8 4.8 4.8 4.6 4.1 3.5 2.9 2.3 2.1

gcG/gcA
synonymous_variant
2856.8 118.4 43.3 28.6 22.4 18.7 15.9 13.7 12.0 10.9 10.2 9.6 9.1 8.4 7.6 6.7 5.8 5.0 4.3 3.7 3.2 2.7 2.4 2.0 1.8 1.6 1.7 2.1 2.7 2.8

tcG/tcA
intergenic_variant
2035.3 95.0 38.6 27.4 22.5 19.3 16.6 14.3 12.5 11.0 9.9 9.0 8.2 7.5 6.9 6.3 5.8 5.2 4.7 4.3 4.0 3.7 3.5 3.2 2.8 2.3 1.8 1.3 0.7 0.3

tcG/tcA
synonymous_variant
2116.5 90.2 34.2 20.3 14.5 11.7 10.1 8.8 7.8 7.0 6.5 6.1 5.9 5.6 5.2 4.6 4.0 3.4 2.9 2.6 2.4 2.2 2.0 1.7 1.5 1.3 1.1 0.9 0.8 0.9

acG/acA
intergenic_variant
2932.6 141.4 61.0 43.1 34.2 28.5 24.3 21.1 18.4 16.2 14.3 12.6 11.1 9.8 8.8 7.9 7.1 6.4 5.7 5.1 4.6 4.2 4.0 3.8 3.6 3.3 2.8 2.1 1.6 1.3

acG/acA
synonymous_variant
3080.3 127.1 49.3 31.4 22.4 17.1 13.9 11.9 10.5 9.3 8.3 7.4 6.6 5.7 4.9 4.3 3.8 3.5 3.3 3.2 3.0 2.7 2.4 2.0 1.8 1.7 1.5 1.4 1.1 0.8

ccG/ccA
intergenic_variant
2988.0 153.3 66.9 45.6 35.2 28.6 23.8 20.1 17.3 15.2 13.7 12.5 11.5 10.5 9.6 8.7 7.8 7.0 6.1 5.2 4.4 3.8 3.4 3.2 3.1 2.9 2.5 2.0 1.5 1.4

ccG/ccA
synonymous_variant
3075.8 146.6 57.2 35.5 25.7 20.7 17.9 16.0 14.4 12.9 11.5 10.2 9.1 8.0 7.0 6.1 5.3 4.6 4.0 3.5 3.1 2.8 2.6 2.4 2.3 2.0 1.7 1.3 0.9 1.0

gaG/gaA
intergenic_variant
1805.2 89.4 37.3 23.8 17.5 14.5 12.8 11.4 9.8 8.0 6.4 5.2 4.5 4.2 4.2 4.3 4.5 4.5 4.4 4.1 3.6 3.1 2.6 2.2 1.8 1.5 1.3 1.1 1.0 0.9

gaG/gaA
synonymous_variant
1835.0 80.8 29.3 18.9 15.0 13.0 11.6 10.5 9.5 8.6 7.9 7.2 6.5 5.8 5.1 4.5 4.0 3.7 3.4 3.1 2.7 2.3 1.8 1.3 0.9 0.7 0.5 0.3 0.3 0.5

Ctg/Ttg
intergenic_variant
1307.8 67.7 30.9 21.8 16.7 13.3 11.0 9.4 8.3 7.4 6.6 5.9 5.3 4.8 4.5 4.2 3.9 3.7 3.4 3.1 2.8 2.3 1.8 1.3 0.9 0.6 0.4 0.3 0.3 0.4

Ctg/Ttg
synonymous_variant
1371.3 57.6 23.1 15.6 12.0 9.7 8.0 6.8 5.9 5.1 4.5 4.0 3.6 3.3 3.0 2.7 2.3 1.9 1.6 1.3 1.1 1.1 1.1 1.2 1.1 0.9 0.6 0.3 0.1 0.1

caG/caA
intergenic_variant
1171.5 57.3 24.8 15.5 11.1 9.0 7.8 6.9 6.1 5.5 5.0 4.5 3.9 3.4 2.9 2.5 2.1 1.9 1.8 1.7 1.6 1.5 1.4 1.3 1.3 1.4 1.4 1.2 1.0 0.8

caG/caA
synonymous_variant
1178.7 54.9 22.5 15.0 11.8 9.8 8.3 7.0 5.9 5.0 4.3 3.8 3.6 3.4 3.4 3.2 3.0 2.8 2.5 2.2 1.9 1.6 1.2 0.9 0.6 0.4 0.3 0.3 0.3 0.4

aaG/aaA
intergenic_variant
1235.5 62.7 29.8 21.3 16.1 12.4 9.7 7.8 6.5 5.5 4.8 4.4 4.0 3.7 3.4 3.1 2.7 2.4 2.2 2.0 1.8 1.6 1.4 1.3 1.1 1.0 0.9 0.8 0.6 0.3

aaG/aaA
synonymous_variant
1247.4 65.6 28.3 19.4 15.1 12.0 9.5 7.4 5.7 4.5 3.6 3.1 2.9 2.8 2.9 3.0 3.0 2.8 2.5 2.1 1.7 1.4 1.2 1.2 1.0 0.8 0.6 0.3 0.1 0.0

Cta/Tta
intergenic_variant
311.8 17.8 7.8 4.8 3.2 2.3 1.8 1.5 1.3 1.2 1.1 1.0 1.0 1.0 0.9 0.8 0.7 0.6 0.5 0.4 0.4 0.3 0.3 0.2 0.1 0.1 0.0 0.0 0.0 0.0

Cta/Tta
synonymous_variant
324.1 14.3 4.8 2.9 2.4 2.3 2.0 1.6 1.2 0.8 0.5 0.4 0.3 0.4 0.4 0.4 0.5 0.5 0.4 0.4 0.3 0.3 0.2 0.2 0.2 0.2 0.2 0.2 0.3 0.2

acC/acT
intergenic_variant
2090.8 103.9 44.4 29.9 22.9 18.7 15.8 13.7 12.0 10.5 9.1 8.0 7.1 6.4 6.0 5.7 5.6 5.3 5.0 4.6 4.0 3.5 3.0 2.5 2.2 1.9 1.7 1.4 1.0 0.6

acC/acT
synonymous_variant
2162.1 91.8 38.5 25.9 19.0 14.4 11.2 9.0 7.5 6.6 6.0 5.6 5.2 4.9 4.5 4.1 3.7 3.2 2.8 2.4 2.0 1.7 1.6 1.6 1.7 1.9 2.2 2.2 2.0 1.7

ccC/ccT
intergenic_variant
2095.7 102.1 44.4 30.9 24.0 19.5 16.3 13.8 11.9 10.3 9.1 8.1 7.3 6.7 6.2 5.7 5.3 5.0 4.8 4.6 4.4 4.1 3.6 3.1 2.6 2.1 1.8 1.6 1.6 1.9

ccC/ccT
synonymous_variant
2157.2 95.9 39.9 27.4 21.1 16.9 14.0 11.8 10.2 8.8 7.6 6.5 5.6 4.8 4.3 3.9 3.6 3.3 3.0 2.6 2.3 2.0 1.7 1.4 1.2 0.9 0.6 0.4 0.5 1.1

tcC/tcT
intergenic_variant
1717.8 90.2 39.7 27.4 21.2 17.4 14.8 13.2 11.9 10.7 9.5 8.3 7.1 6.1 5.3 4.8 4.5 4.2 3.9 3.6 3.1 2.7 2.2 1.9 1.7 1.6 1.4 1.3 1.3 1.4

tcC/tcT
synonymous_variant
1800.5 79.7 32.4 21.2 15.5 12.1 10.1 8.9 8.0 7.1 6.1 5.1 4.1 3.3 2.8 2.6 2.5 2.5 2.6 2.6 2.4 2.0 1.6 1.2 0.9 0.8 0.8 0.8 0.8 0.6

gcC/gcT
intergenic_variant
2771.8 135.9 58.4 41.0 33.4 28.9 25.4 22.0 18.8 15.9 13.5 11.7 10.3 9.1 8.2 7.3 6.5 5.8 5.3 4.8 4.5 4.1 3.8 3.3 2.9 2.5 2.3 2.1 1.9 1.7

gcC/gcT
synonymous_variant
2883.9 124.3 49.8 32.3 24.0 19.4 16.4 14.2 12.4 10.8 9.5 8.3 7.3 6.4 5.7 5.1 4.6 4.2 3.7 3.3 2.9 2.6 2.2 2.0 1.8 1.6 1.4 1.2 1.0 0.6

agC/agT
intergenic_variant
1851.1 92.7 41.0 28.8 23.0 19.3 16.6 14.4 12.6 11.1 9.8 8.7 7.7 6.7 5.9 5.2 4.6 4.1 3.6 3.2 2.9 2.6 2.5 2.4 2.3 2.1 2.1 2.0 1.9 1.5

agC/agT
synonymous_variant
1945.3 79.2 30.4 20.8 16.6 13.8 11.6 10.1 8.8 7.8 6.9 6.0 5.3 4.6 3.9 3.3 2.8 2.4 2.0 1.7 1.5 1.4 1.4 1.5 1.5 1.4 1.2 0.9 0.6 0.3

ggC/ggT
intergenic_variant
1796.2 100.9 44.0 28.9 21.5 17.2 14.5 12.6 11.4 10.3 9.3 8.1 6.8 5.7 4.7 4.1 3.9 3.9 4.0 4.0 3.9 3.6 3.2 2.7 2.3 2.0 1.8 1.6 1.3 1.0

ggC/ggT
synonymous_variant
1891.0 77.8 32.0 20.9 15.1 11.8 10.0 9.0 8.3 7.6 6.8 6.0 5.2 4.5 3.9 3.3 2.9 2.5 2.3 2.0 1.9 1.9 1.9 1.9 1.8 1.6 1.2 0.7 0.3 0.1

cgC/cgT
intergenic_variant
761.8 37.6 14.8 10.0 8.2 7.2 6.8 6.4 5.9 5.3 4.7 4.2 3.7 3.4 3.1 2.8 2.5 2.1 1.7 1.4 1.2 1.0 0.9 0.7 0.6 0.5 0.3 0.3 0.5 0.7

cgC/cgT
synonymous_variant
788.5 33.9 14.6 10.5 8.0 6.0 4.5 3.6 3.0 2.6 2.4 2.1 2.0 1.8 1.7 1.7 1.6 1.5 1.4 1.2 1.1 1.0 0.9 1.0 1.1 1.1 1.0 0.7 0.4 0.2

tgC/tgT
intergenic_variant
1197.6 62.8 26.4 17.8 14.1 11.9 10.3 9.1 8.1 7.2 6.5 5.8 5.2 4.6 4.0 3.6 3.2 2.9 2.6 2.4 2.1 1.9 1.6 1.5 1.3 1.2 1.1 1.0 0.9 1.0

tgC/tgT
synonymous_variant
1248.3 56.7 24.6 15.7 10.9 8.2 6.8 6.0 5.4 4.9 4.3 3.8 3.3 2.9 2.5 2.2 1.9 1.7 1.5 1.2 1.0 0.8 0.6 0.4 0.3 0.4 0.5 0.9 1.2 1.3

ctC/ctT
intergenic_variant
1753.8 90.8 36.3 22.9 17.1 13.6 11.2 9.5 8.3 7.6 7.1 6.8 6.6 6.2 5.8 5.3 4.8 4.5 4.2 3.9 3.6 3.3 3.0 2.6 2.3 2.1 1.9 1.6 1.3 0.8

ctC/ctT
synonymous_variant
1825.6 74.8 27.0 18.0 14.0 11.6 9.9 8.7 7.7 6.9 6.1 5.3 4.5 3.9 3.3 3.0 2.7 2.4 2.3 2.1 1.8 1.6 1.3 1.0 0.8 0.7 0.7 0.7 0.6 0.6

ttC/ttT
intergenic_variant
1633.4 81.7 34.8 23.9 18.6 15.0 12.4 10.5 8.9 7.7 6.7 5.9 5.3 4.7 4.3 3.8 3.4 3.1 2.8 2.5 2.4 2.2 2.1 2.0 1.8 1.7 1.5 1.3 1.1 1.3

ttC/ttT
synonymous_variant
1687.2 77.9 30.2 18.7 13.2 10.1 8.5 7.6 7.0 6.5 5.8 5.1 4.3 3.6 3.0 2.6 2.3 2.1 1.9 1.7 1.5 1.3 1.0 0.8 0.6 0.5 0.5 0.6 0.5 0.3

gtC/gtT
intergenic_variant
1034.1 50.7 20.3 13.8 11.1 9.7 8.8 7.9 7.0 5.9 4.9 4.0 3.3 2.8 2.6 2.5 2.5 2.6 2.6 2.5 2.3 1.9 1.6 1.3 1.1 1.1 1.2 1.2 1.0 0.7

gtC/gtT
synonymous_variant
1086.9 42.3 14.7 9.5 7.7 6.7 5.9 5.2 4.6 4.1 3.6 3.0 2.6 2.1 1.8 1.5 1.3 1.2 1.1 1.1 1.0 0.9 0.8 0.6 0.4 0.3 0.2 0.2 0.3 0.4

atC/atT
intergenic_variant
1926.2 99.7 42.3 28.2 21.4 17.4 14.6 12.7 11.1 9.9 8.7 7.7 6.7 5.9 5.2 4.7 4.5 4.4 4.5 4.5 4.6 4.5 4.3 3.9 3.4 2.9 2.5 2.2 2.2 2.0

atC/atT
synonymous_variant
2020.4 86.8 33.5 22.0 16.7 13.3 10.6 8.6 7.0 5.9 5.2 4.6 4.2 3.8 3.5 3.2 2.9 2.7 2.5 2.2 2.0 1.8 1.6 1.5 1.3 1.1 0.9 0.8 0.8 1.1

cgT/cgA
intergenic_variant
31.3 1.2 0.4 0.3 0.2 0.2 0.2 0.2 0.2 0.2 0.2 0.1 0.1 0.1 0.0 0.0 0.1 0.1 0.1 0.1 0.2 0.1 0.1 0.1 0.0 0.0 0.0 0.0 0.0 0.0

cgT/cgA
synonymous_variant
29.3 1.4 0.2 0.1 0.1 0.2 0.3 0.5 0.6 0.7 0.7 0.6 0.5 0.3 0.2 0.1 0.1 0.0 0.0 0.0 0.0 0.0 0.0 0.0 0.0 0.0 0.0 0.0 0.0 0.0

Taa/Gaa
intergenic_variant
0.1 0.2 0.3 0.2 0.1 0.1 0.0 0.0 0.0 0.0 0.0 0.0 0.0 0.0 0.0 0.0 0.0 0.0 0.0 0.0 0.0 0.0 0.0 0.0 0.0 0.0 0.0 0.0 0.0 0.0

Taa/Gaa
synonymous_variant
0.0 0.0 0.0 0.0 0.0 0.1 0.1 0.2 0.2 0.1 0.1 0.1 0.0 0.0 0.0 0.0 0.0 0.0 0.0 0.0 0.0 0.0 0.0 0.0 0.0 0.0 0.0 0.0 0.0 0.0

