TTC->TTT
5473.2 229.2 60.2 32.6 23.0 18.4 15.9 14.2 12.8 11.3 9.7 8.2 6.9 5.8 5.0 4.4 3.9 3.5 3.0 2.5 2.0 1.5 1.1 0.8 0.6 0.6 0.6 0.8 1.0 0.9

TTT->TTC
1977.3 85.7 23.7 11.7 7.2 5.3 4.4 4.1 3.9 3.7 3.4 3.1 2.7 2.4 2.1 1.8 1.6 1.5 1.4 1.3 1.2 1.2 1.1 1.1 1.0 0.8 0.6 0.4 0.4 0.7

TGC->TGT
5271.1 240.5 66.4 36.0 24.7 19.1 15.7 13.3 11.4 9.7 8.3 7.0 5.9 5.0 4.3 3.7 3.3 3.1 3.0 2.8 2.7 2.5 2.3 1.9 1.6 1.2 0.8 0.4 0.2 0.1

TGT->TGC
1583.8 75.1 20.5 10.7 7.5 6.2 5.4 4.6 3.9 3.2 2.7 2.3 2.0 1.7 1.5 1.3 1.1 0.9 0.8 0.7 0.6 0.6 0.6 0.6 0.6 0.5 0.3 0.2 0.1 0.0

AAA->AAG
1715.1 72.8 21.7 12.1 8.2 6.1 4.7 3.9 3.3 2.9 2.5 2.2 2.0 1.8 1.7 1.6 1.5 1.4 1.2 1.1 0.9 0.8 0.8 0.8 0.8 0.7 0.6 0.4 0.2 0.1

AAG->AAA
4501.9 195.0 57.5 33.1 23.2 17.7 14.0 11.2 9.0 7.2 5.8 4.7 3.8 3.1 2.7 2.4 2.1 2.0 1.8 1.7 1.6 1.4 1.3 1.1 1.0 0.9 0.8 0.8 0.7 0.4

TAC->TAT
4517.3 191.1 53.2 30.1 20.6 15.1 11.6 9.2 7.6 6.8 6.3 6.0 5.5 5.0 4.3 3.7 3.1 2.6 2.2 1.9 1.6 1.4 1.3 1.2 1.1 1.0 0.9 0.7 0.4 0.2

TAT->TAC
2217.5 95.9 24.9 12.4 8.4 7.0 6.4 5.9 5.3 4.7 4.1 3.4 2.8 2.3 2.0 1.8 1.6 1.5 1.3 1.2 1.0 0.9 0.8 0.8 0.7 0.6 0.4 0.3 0.1 0.0

CAC->CAT
5114.3 227.4 64.9 37.2 27.3 21.8 17.7 14.1 11.0 8.6 6.9 5.7 4.9 4.5 4.3 4.2 4.0 3.8 3.4 2.9 2.4 1.8 1.4 1.0 0.8 0.6 0.4 0.3 0.1 0.0

CAT->CAC
2038.2 91.2 26.4 15.2 10.8 8.4 6.9 5.8 4.9 4.3 3.8 3.4 3.1 2.8 2.6 2.4 2.2 1.9 1.6 1.4 1.2 1.1 1.1 1.1 1.1 1.1 1.2 1.2 1.2 1.0

CAA->CAG
3483.5 163.9 48.8 26.6 18.8 15.5 13.7 12.3 11.0 9.7 8.5 7.4 6.4 5.4 4.6 3.9 3.4 2.9 2.5 2.1 1.8 1.5 1.3 1.1 0.9 0.7 0.6 0.5 0.6 0.7

CAG->CAA
6497.3 281.1 79.4 43.9 29.5 22.1 17.8 15.1 13.1 11.5 10.0 8.8 7.8 7.0 6.3 5.6 5.1 4.7 4.3 3.8 3.3 2.8 2.2 1.7 1.4 1.2 1.1 0.9 0.7 0.3

GAA->GAG
1904.7 84.3 26.0 15.3 10.5 7.9 6.3 5.2 4.4 3.6 3.0 2.5 2.2 2.0 1.8 1.7 1.5 1.4 1.2 1.0 0.8 0.6 0.4 0.3 0.2 0.1 0.0 0.0 0.0 0.0

GAG->GAA
5706.2 248.9 67.6 36.1 24.3 18.3 14.8 12.7 11.2 10.1 9.1 8.1 7.3 6.5 5.8 5.2 4.7 4.2 3.6 3.0 2.5 1.9 1.5 1.1 0.8 0.6 0.5 0.5 0.4 0.3

AAC->AAT
5844.1 255.5 70.8 39.3 27.1 20.6 16.5 13.6 11.4 9.5 8.0 6.7 5.7 4.9 4.4 3.9 3.7 3.6 3.6 3.5 3.4 3.1 2.5 1.9 1.3 0.8 0.5 0.4 0.3 0.4

AAT->AAC
2449.4 112.0 33.0 18.9 13.9 11.4 9.8 8.5 7.4 6.4 5.5 4.8 4.2 3.8 3.4 3.0 2.7 2.3 1.9 1.6 1.3 1.1 1.1 1.2 1.3 1.4 1.3 1.0 0.9 0.9

GAC->GAT
7288.9 326.4 88.2 47.3 32.2 24.6 19.8 16.4 13.8 11.8 10.2 8.8 7.5 6.5 5.6 4.8 4.2 3.7 3.3 3.1 3.0 2.9 2.7 2.4 2.0 1.5 1.2 1.0 0.8 0.8

GAT->GAC
2459.7 106.0 31.3 18.6 13.7 11.2 9.7 8.5 7.5 6.4 5.3 4.4 3.5 2.8 2.2 1.7 1.4 1.2 1.1 1.0 1.0 1.0 1.0 0.9 0.9 0.9 0.8 0.8 0.7 0.5

ATC->ATT
4544.1 187.2 50.7 28.0 19.0 14.2 11.5 9.9 8.7 7.7 6.7 5.7 4.9 4.2 3.6 3.2 2.9 2.6 2.3 1.9 1.7 1.5 1.3 1.2 1.0 0.8 0.7 0.7 0.6 0.4

ATT->ATC
1150.2 50.8 15.0 8.5 6.0 4.6 3.5 2.8 2.3 1.9 1.7 1.5 1.4 1.3 1.2 1.1 1.0 0.9 0.7 0.6 0.6 0.6 0.6 0.6 0.6 0.5 0.5 0.6 0.6 0.6

GGC->GGT
6618.1 289.0 78.4 42.5 28.9 21.7 17.3 14.2 12.0 10.3 8.9 7.8 6.9 6.2 5.7 5.3 4.8 4.4 3.9 3.4 2.9 2.4 1.9 1.5 1.1 0.8 0.6 0.6 0.6 0.6

GGT->GGC
1149.2 55.5 16.4 8.9 6.1 4.7 3.8 3.2 2.6 2.1 1.8 1.6 1.4 1.4 1.3 1.2 1.1 1.0 0.9 0.8 0.7 0.6 0.6 0.5 0.5 0.5 0.4 0.3 0.2 0.6

GCC->GCT
8761.8 390.4 111.0 60.6 41.3 31.2 24.9 20.8 18.0 16.0 14.3 12.7 11.3 9.9 8.5 7.2 5.9 4.8 3.9 3.2 2.8 2.6 2.4 2.2 1.8 1.3 0.8 0.4 0.1 0.2

GCT->GCC
1746.0 74.5 20.4 10.6 7.3 6.2 5.9 5.8 5.6 5.2 4.6 3.9 3.3 2.7 2.3 2.1 1.9 1.8 1.7 1.6 1.5 1.4 1.2 0.9 0.7 0.5 0.4 0.4 0.3 0.2

CTG->TTG
6568.2 285.5 77.3 40.6 27.5 20.8 16.6 13.8 12.0 10.5 9.3 8.1 7.1 6.1 5.3 4.7 4.3 4.1 3.9 3.6 3.4 3.0 2.6 2.2 1.7 1.3 0.9 0.7 0.5 0.3

TTG->CTG
3493.1 154.9 45.3 26.1 18.6 14.7 12.3 10.6 9.2 7.9 6.7 5.6 4.8 4.3 3.9 3.8 3.6 3.5 3.2 2.9 2.5 2.1 1.8 1.6 1.4 1.2 1.2 1.2 1.4 1.8

GTA->GTG
1116.8 46.2 13.8 8.1 5.8 4.5 3.6 3.0 2.6 2.3 2.0 1.8 1.5 1.3 1.0 0.8 0.7 0.6 0.5 0.5 0.4 0.4 0.3 0.2 0.2 0.1 0.0 0.0 0.0 0.0

GTG->GTA
4609.8 204.8 58.4 31.4 20.8 15.3 12.1 9.7 7.8 6.2 4.9 3.9 3.2 2.8 2.6 2.5 2.4 2.3 2.2 2.0 1.8 1.6 1.3 1.0 0.7 0.6 0.5 0.5 0.5 0.6

CTA->CTG
1716.7 74.9 21.0 11.6 8.3 6.7 5.6 4.7 3.9 3.3 2.9 2.7 2.7 2.7 2.6 2.4 2.2 1.9 1.7 1.4 1.1 0.8 0.6 0.3 0.2 0.1 0.1 0.1 0.2 0.4

CTG->CTA
5093.7 212.4 56.4 31.2 22.3 17.9 15.1 12.9 10.9 9.0 7.3 6.0 4.9 4.3 3.8 3.5 3.2 2.9 2.5 2.1 1.7 1.3 1.0 0.9 0.7 0.6 0.5 0.4 0.4 0.3

ACC->ACT
6388.9 273.8 76.2 44.7 33.5 26.8 21.7 17.8 14.7 12.3 10.4 8.8 7.4 6.3 5.4 4.8 4.2 3.8 3.5 3.2 2.9 2.6 2.3 2.0 1.6 1.1 0.8 0.5 0.4 0.3

ACT->ACC
1666.1 67.8 18.5 11.3 8.7 7.0 5.8 4.9 4.2 3.6 3.1 2.7 2.4 2.2 2.0 1.8 1.7 1.6 1.5 1.4 1.4 1.3 1.3 1.2 1.1 0.9 0.7 0.4 0.2 0.3

CCA->CCG
3249.4 142.0 39.5 22.1 16.1 13.1 11.3 10.0 8.9 7.9 6.9 5.9 5.1 4.4 4.0 3.6 3.3 2.9 2.6 2.3 2.1 2.0 2.0 2.1 2.1 1.9 1.6 1.2 1.0 0.7

CCG->CCA
12790.5 601.0 164.6 90.0 62.2 47.6 38.7 32.7 28.3 24.9 21.9 19.3 17.0 14.7 12.5 10.5 8.7 7.2 6.0 5.2 4.6 4.0 3.4 2.7 2.2 1.8 1.6 1.5 1.4 1.3

CCC->CCT
7559.5 338.1 91.3 48.1 33.0 25.9 21.7 18.7 16.2 14.0 12.0 10.1 8.6 7.5 6.8 6.2 5.7 5.2 4.6 3.9 3.2 2.6 2.2 1.8 1.6 1.4 1.1 0.9 0.6 0.3

CCT->CCC
1863.3 80.4 24.1 14.3 10.3 8.0 6.6 5.6 4.7 4.0 3.5 3.0 2.7 2.4 2.2 2.0 1.8 1.7 1.6 1.6 1.5 1.5 1.5 1.4 1.3 1.1 0.9 0.6 0.4 0.5

CGC->CGT
2945.9 130.5 34.3 18.2 12.9 10.5 9.1 8.0 7.0 6.0 5.2 4.4 3.7 3.1 2.7 2.3 2.1 1.8 1.6 1.4 1.2 1.1 1.0 0.9 0.8 0.7 0.5 0.4 0.4 0.2

CGT->CGC
502.9 20.2 5.9 3.1 1.9 1.3 1.0 0.9 1.0 1.1 1.3 1.3 1.3 1.1 1.0 0.8 0.6 0.5 0.4 0.3 0.2 0.2 0.2 0.3 0.3 0.4 0.4 0.5 0.4 0.2

ACA->ACG
3059.7 140.7 42.5 24.9 17.9 14.1 11.5 9.7 8.0 6.6 5.4 4.5 3.8 3.4 3.1 3.0 3.0 2.9 2.8 2.7 2.5 2.2 2.0 1.9 1.8 1.8 1.8 1.7 1.8 2.0

ACG->ACA
11654.9 537.1 148.9 79.0 52.7 39.6 32.3 27.7 24.2 21.2 18.4 15.8 13.5 11.5 9.9 8.6 7.6 6.7 6.0 5.5 5.1 4.8 4.4 3.9 3.3 2.7 2.2 1.9 1.7 1.4

TCC->TCT
8874.1 399.7 111.9 61.3 42.0 32.1 26.1 21.8 18.7 16.3 14.5 13.0 11.7 10.4 9.1 7.9 6.7 5.6 4.8 4.1 3.6 3.1 2.7 2.2 1.8 1.5 1.2 0.9 0.7 0.4

TCT->TCC
2640.9 114.5 31.4 16.4 11.2 8.6 7.0 5.9 5.2 4.8 4.4 4.1 3.7 3.4 3.1 2.8 2.6 2.4 2.2 2.0 1.7 1.4 1.1 0.9 0.7 0.6 0.6 0.7 0.7 0.6

GTC->GTT
3156.8 122.0 31.3 17.4 12.3 9.6 8.1 7.3 6.7 6.1 5.4 4.7 4.0 3.5 3.1 2.9 2.7 2.6 2.3 2.1 1.7 1.4 1.1 1.0 0.9 0.8 0.8 0.7 0.5 0.3

GTT->GTC
706.3 25.3 6.6 4.0 3.2 2.8 2.5 2.3 2.1 2.0 1.8 1.6 1.4 1.3 1.2 1.1 1.0 1.0 0.9 0.8 0.7 0.7 0.6 0.5 0.4 0.3 0.2 0.1 0.0 0.0

AGC->AGT
6873.3 299.8 80.0 43.9 31.2 24.8 20.7 17.7 15.3 13.2 11.3 9.6 8.1 6.9 5.9 5.0 4.2 3.5 2.9 2.4 2.1 1.8 1.5 1.3 1.1 1.0 0.9 0.8 0.8 1.0

AGT->AGC
1664.9 71.5 20.7 12.4 9.2 7.4 6.0 4.8 3.8 3.1 2.6 2.3 2.3 2.3 2.3 2.3 2.1 1.9 1.6 1.3 1.0 0.8 0.6 0.5 0.5 0.4 0.3 0.2 0.1 0.0

CTC->CTT
4877.4 209.6 56.3 31.6 22.8 18.0 14.4 11.7 9.5 7.8 6.6 5.6 4.9 4.2 3.6 3.2 2.8 2.5 2.2 1.9 1.7 1.6 1.4 1.3 1.0 0.7 0.4 0.2 0.1 0.0

CTT->CTC
978.1 38.2 9.8 5.6 4.1 3.4 3.0 2.7 2.4 2.1 1.7 1.5 1.3 1.2 1.1 1.0 0.9 0.7 0.6 0.4 0.3 0.2 0.2 0.2 0.2 0.2 0.2 0.1 0.0 0.0

GCA->GCG
2342.7 106.3 31.2 17.6 12.1 9.1 7.2 6.2 5.6 5.3 5.0 4.7 4.5 4.2 3.9 3.5 3.2 2.8 2.5 2.2 2.0 1.9 1.8 1.8 1.8 1.7 1.5 1.3 0.9 0.7

GCG->GCA
10875.0 516.7 142.7 79.5 56.6 44.3 35.8 29.4 24.5 20.8 18.0 15.9 14.3 13.0 11.7 10.4 9.1 7.7 6.4 5.2 4.3 3.5 2.9 2.4 2.0 1.6 1.2 0.8 0.6 0.5

GTG->GTT
733.4 34.0 9.4 4.8 3.2 2.4 1.8 1.4 1.0 0.8 0.7 0.6 0.5 0.5 0.4 0.4 0.4 0.4 0.4 0.4 0.3 0.3 0.2 0.2 0.3 0.4 0.4 0.4 0.3 0.1

GTT->GTG
223.2 8.4 2.1 1.2 1.0 0.9 0.8 0.6 0.5 0.4 0.4 0.4 0.4 0.5 0.5 0.5 0.5 0.4 0.3 0.3 0.3 0.3 0.3 0.3 0.2 0.2 0.1 0.1 0.0 0.0

CGA->CGG
403.8 19.0 6.5 4.3 3.2 2.4 1.9 1.7 1.5 1.4 1.3 1.2 1.1 0.9 0.8 0.7 0.6 0.5 0.5 0.5 0.4 0.4 0.4 0.3 0.3 0.2 0.1 0.0 0.0 0.0

CGG->CGA
1841.5 90.4 24.6 12.2 7.9 6.0 5.0 4.3 3.8 3.3 2.9 2.5 2.3 2.0 1.8 1.5 1.3 1.0 0.8 0.7 0.6 0.6 0.6 0.6 0.6 0.6 0.5 0.4 0.4 0.4

CCA->CCC
598.4 30.2 9.1 5.7 4.5 3.8 3.1 2.5 2.0 1.5 1.2 1.0 0.8 0.7 0.6 0.5 0.5 0.3 0.3 0.2 0.1 0.1 0.1 0.2 0.2 0.2 0.1 0.1 0.0 0.0

CCC->CCA
877.9 39.5 11.3 6.4 4.4 3.2 2.4 1.8 1.4 1.1 0.9 0.8 0.8 0.8 0.8 0.8 0.8 0.7 0.7 0.6 0.5 0.5 0.4 0.3 0.2 0.1 0.0 0.0 0.0 0.0

GGA->GGC
389.7 18.2 5.1 2.6 1.8 1.6 1.6 1.5 1.4 1.1 0.9 0.8 0.6 0.5 0.5 0.4 0.4 0.4 0.3 0.3 0.2 0.1 0.1 0.0 0.0 0.0 0.0 0.1 0.3 0.3

GGC->GGA
1128.8 51.5 13.2 7.3 5.5 4.4 3.6 2.9 2.4 2.2 2.0 1.9 1.8 1.6 1.5 1.3 1.1 0.9 0.7 0.6 0.5 0.4 0.4 0.3 0.3 0.3 0.3 0.2 0.2 0.1

AGA->AGG
1206.4 44.9 10.8 6.1 4.8 4.1 3.5 3.1 2.7 2.3 1.9 1.6 1.4 1.2 1.1 1.1 1.0 1.0 0.9 0.8 0.7 0.6 0.4 0.3 0.2 0.2 0.2 0.2 0.3 0.2

AGG->AGA
4204.7 188.1 55.4 32.4 23.7 18.6 14.9 12.0 9.8 8.1 6.8 5.9 5.1 4.5 3.9 3.3 2.8 2.5 2.2 1.9 1.6 1.4 1.1 0.9 0.8 0.6 0.5 0.3 0.1 0.0

TCA->TCG
2912.5 129.7 38.8 21.4 14.6 11.1 8.8 7.1 5.8 5.1 4.7 4.6 4.5 4.4 4.1 3.8 3.3 2.8 2.4 2.0 1.7 1.4 1.2 1.0 0.9 0.8 0.7 0.8 1.0 1.1

TCG->TCA
12759.8 586.2 157.3 82.9 56.6 43.5 35.2 29.4 25.1 21.7 19.0 16.5 14.4 12.6 11.3 10.2 9.3 8.5 7.6 6.7 5.9 5.2 4.6 4.0 3.4 2.8 2.2 1.8 1.4 1.2

GCA->GCC
589.5 27.7 7.8 3.9 2.4 1.8 1.5 1.3 1.2 1.0 0.9 0.8 0.7 0.6 0.5 0.5 0.5 0.5 0.4 0.4 0.4 0.3 0.3 0.2 0.1 0.1 0.2 0.2 0.3 0.2

GCC->GCA
865.2 39.4 11.0 6.2 4.5 3.6 2.9 2.4 2.1 1.9 1.8 1.8 1.7 1.5 1.3 1.1 0.9 0.7 0.5 0.4 0.3 0.3 0.2 0.1 0.1 0.1 0.0 0.0 0.0 0.0

GGA->GGG
1275.1 55.2 16.7 9.2 6.2 4.8 3.9 3.3 2.7 2.2 1.8 1.6 1.5 1.5 1.6 1.6 1.7 1.6 1.6 1.5 1.4 1.3 1.3 1.2 1.0 0.7 0.5 0.4 0.4 0.3

GGG->GGA
4079.4 185.2 52.6 30.0 21.7 17.4 14.2 11.6 9.3 7.3 5.8 4.7 3.9 3.3 3.0 2.7 2.5 2.3 2.1 1.9 1.7 1.5 1.2 1.0 0.7 0.5 0.3 0.1 0.1 0.0

ATA->ATC
138.2 6.0 1.7 0.8 0.5 0.4 0.4 0.4 0.4 0.4 0.4 0.3 0.3 0.2 0.1 0.1 0.0 0.0 0.0 0.0 0.0 0.0 0.0 0.0 0.0 0.0 0.0 0.0 0.0 0.0

ATC->ATA
828.7 34.1 9.0 5.2 3.7 2.9 2.4 2.1 1.9 1.8 1.6 1.4 1.2 1.0 0.8 0.8 0.7 0.7 0.6 0.5 0.4 0.3 0.2 0.2 0.2 0.2 0.2 0.2 0.1 0.0

ACA->ACC
541.7 23.3 6.3 3.4 2.5 2.0 1.7 1.4 1.1 0.9 0.8 0.7 0.7 0.7 0.6 0.5 0.4 0.3 0.3 0.2 0.2 0.2 0.2 0.2 0.2 0.2 0.2 0.1 0.1 0.0

ACC->ACA
941.3 44.6 13.2 6.9 4.5 3.6 3.2 3.0 2.8 2.4 2.1 1.7 1.4 1.2 1.1 1.0 0.9 0.8 0.8 0.7 0.7 0.6 0.5 0.4 0.3 0.2 0.1 0.0 0.0 0.0

TTA->TTG
1061.1 45.9 10.0 4.0 2.6 2.2 2.0 1.8 1.6 1.4 1.2 1.1 1.0 1.0 1.0 1.0 1.1 1.0 1.0 0.9 0.8 0.6 0.5 0.4 0.3 0.2 0.1 0.1 0.1 0.3

TTG->TTA
2963.9 117.7 32.4 17.1 11.1 8.0 6.2 5.0 4.2 3.6 3.3 3.0 2.7 2.5 2.2 2.0 1.7 1.5 1.3 1.1 1.0 0.8 0.7 0.6 0.5 0.4 0.3 0.2 0.1 0.1

ATA->ATT
149.5 5.6 1.5 1.0 0.8 0.7 0.6 0.4 0.3 0.2 0.1 0.0 0.0 0.0 0.0 0.0 0.0 0.0 0.0 0.0 0.0 0.0 0.0 0.0 0.0 0.0 0.0 0.0 0.0 0.0

ATT->ATA
252.5 9.7 3.0 1.7 1.1 0.7 0.6 0.5 0.4 0.4 0.4 0.3 0.3 0.2 0.2 0.1 0.1 0.1 0.1 0.1 0.2 0.1 0.1 0.1 0.0 0.0 0.0 0.0 0.0 0.0

CTG->CTT
1065.7 40.5 11.4 6.6 5.0 4.2 3.5 2.7 2.0 1.5 1.1 0.9 1.0 1.0 1.1 1.2 1.1 1.1 0.9 0.8 0.7 0.6 0.5 0.4 0.3 0.2 0.2 0.3 0.2 0.1

CTT->CTG
341.5 15.6 4.5 2.1 1.2 0.8 0.6 0.5 0.4 0.4 0.4 0.4 0.4 0.5 0.6 0.7 0.7 0.6 0.5 0.4 0.2 0.1 0.1 0.0 0.0 0.0 0.0 0.0 0.0 0.0

GGA->GGT
397.3 16.1 4.8 2.5 1.7 1.1 0.7 0.4 0.3 0.2 0.1 0.1 0.1 0.2 0.1 0.1 0.1 0.1 0.2 0.2 0.3 0.3 0.4 0.4 0.3 0.3 0.2 0.1 0.1 0.0

GGT->GGA
198.7 9.0 2.9 1.7 1.2 1.0 0.8 0.7 0.7 0.6 0.5 0.4 0.3 0.3 0.2 0.2 0.2 0.2 0.1 0.1 0.1 0.0 0.0 0.0 0.0 0.1 0.1 0.2 0.3 0.2

CCC->CCG
1387.6 64.6 17.0 9.4 7.0 6.0 5.4 4.7 4.0 3.4 2.8 2.5 2.2 2.0 1.8 1.6 1.5 1.3 1.1 1.0 0.8 0.7 0.6 0.5 0.5 0.5 0.5 0.4 0.2 0.1

CCG->CCC
508.5 23.3 7.5 4.7 3.4 2.8 2.6 2.4 2.2 2.0 1.8 1.5 1.3 1.1 0.9 0.7 0.5 0.4 0.3 0.3 0.3 0.4 0.5 0.5 0.5 0.4 0.4 0.3 0.3 0.2

GTC->GTG
563.4 25.0 7.6 4.7 3.6 2.8 2.3 1.9 1.6 1.4 1.2 1.0 0.8 0.6 0.5 0.4 0.4 0.5 0.5 0.5 0.4 0.3 0.2 0.1 0.1 0.0 0.0 0.0 0.0 0.1

GTG->GTC
616.7 29.3 7.5 3.9 2.6 2.1 1.8 1.4 1.1 0.8 0.6 0.5 0.4 0.3 0.3 0.2 0.2 0.2 0.2 0.2 0.2 0.1 0.1 0.1 0.0 0.0 0.0 0.0 0.0 0.0

CGA->CGC
137.5 7.8 2.7 1.2 0.6 0.4 0.3 0.2 0.1 0.1 0.1 0.1 0.1 0.1 0.1 0.1 0.1 0.1 0.1 0.1 0.0 0.0 0.0 0.0 0.0 0.0 0.0 0.0 0.0 0.0

CGC->CGA
386.3 19.3 5.7 3.4 2.5 2.0 1.7 1.4 1.2 1.1 1.0 1.0 0.8 0.7 0.6 0.4 0.4 0.3 0.3 0.2 0.2 0.2 0.2 0.1 0.1 0.0 0.0 0.0 0.0 0.0

CTC->CTG
1082.0 47.8 14.7 8.7 6.4 5.0 3.9 3.2 2.7 2.4 2.2 2.0 1.8 1.5 1.3 1.0 0.9 0.7 0.6 0.6 0.5 0.5 0.5 0.4 0.3 0.2 0.2 0.2 0.3 0.3

CTG->CTC
1258.3 55.0 16.1 8.5 5.9 4.9 4.4 3.9 3.4 2.9 2.4 2.1 1.8 1.6 1.4 1.3 1.1 1.1 1.0 0.9 0.9 0.8 0.7 0.6 0.4 0.3 0.2 0.1 0.0 0.0

ACC->ACG
1100.2 50.9 14.0 7.2 4.5 3.4 2.8 2.6 2.4 2.1 1.8 1.4 1.2 1.0 0.9 0.8 0.6 0.5 0.4 0.3 0.2 0.2 0.3 0.5 0.6 0.7 0.8 0.8 0.6 0.3

ACG->ACC
452.5 23.1 6.8 4.2 3.1 2.3 1.6 1.1 0.7 0.5 0.4 0.3 0.3 0.3 0.2 0.2 0.1 0.1 0.1 0.0 0.0 0.1 0.1 0.1 0.2 0.2 0.2 0.1 0.1 0.2

ACA->ACT
365.3 16.5 6.0 3.7 2.4 1.5 0.9 0.5 0.4 0.3 0.4 0.4 0.4 0.4 0.3 0.3 0.2 0.2 0.2 0.2 0.2 0.1 0.1 0.1 0.0 0.0 0.0 0.0 0.0 0.0

ACT->ACA
294.6 13.8 3.8 1.6 0.9 0.7 0.6 0.5 0.5 0.6 0.6 0.5 0.5 0.4 0.3 0.3 0.3 0.2 0.2 0.2 0.3 0.3 0.3 0.3 0.2 0.2 0.1 0.1 0.0 0.0

GCC->GCG
1115.7 48.7 12.5 6.5 4.7 3.8 3.2 2.6 2.1 1.8 1.7 1.6 1.6 1.5 1.4 1.3 1.1 0.8 0.6 0.5 0.3 0.3 0.3 0.4 0.5 0.5 0.5 0.3 0.2 0.1

GCG->GCC
476.4 27.7 8.7 4.5 2.8 2.1 1.6 1.3 1.1 0.9 0.8 0.8 0.9 1.0 1.0 1.1 1.0 0.9 0.7 0.6 0.4 0.3 0.2 0.1 0.1 0.0 0.0 0.0 0.0 0.0

TCA->TCC
531.5 26.1 8.1 4.3 2.9 2.4 2.1 1.8 1.5 1.2 0.9 0.7 0.6 0.5 0.4 0.3 0.3 0.2 0.2 0.2 0.2 0.2 0.1 0.1 0.1 0.2 0.2 0.2 0.2 0.1

TCC->TCA
644.9 26.4 6.9 3.8 2.6 1.9 1.5 1.3 1.1 1.0 0.8 0.7 0.6 0.5 0.4 0.3 0.2 0.2 0.2 0.1 0.2 0.2 0.2 0.1 0.1 0.1 0.0 0.0 0.0 0.0

ACG->ACT
560.5 23.2 5.7 3.3 2.5 2.1 1.8 1.5 1.3 1.2 1.2 1.2 1.2 1.1 0.9 0.7 0.6 0.5 0.4 0.3 0.3 0.2 0.1 0.1 0.0 0.0 0.0 0.0 0.0 0.0

ACT->ACG
474.2 23.7 7.6 4.5 3.4 2.9 2.5 2.1 1.8 1.5 1.2 1.0 0.9 0.8 0.7 0.6 0.5 0.4 0.3 0.2 0.2 0.1 0.0 0.0 0.0 0.0 0.0 0.0 0.0 0.0

CGC->CGG
304.7 13.4 3.0 1.6 1.1 0.9 0.8 0.8 0.8 0.8 0.8 0.7 0.6 0.6 0.5 0.4 0.3 0.2 0.1 0.1 0.0 0.0 0.0 0.0 0.0 0.0 0.0 0.0 0.0 0.0

CGG->CGC
428.8 23.6 7.7 4.4 3.1 2.3 1.7 1.3 0.9 0.7 0.5 0.4 0.3 0.3 0.3 0.2 0.2 0.1 0.1 0.0 0.0 0.0 0.0 0.0 0.0 0.0 0.0 0.0 0.0 0.0

CCG->CCT
1066.8 52.7 15.2 7.9 5.1 3.8 3.2 2.9 2.7 2.5 2.2 1.8 1.5 1.2 1.0 0.9 0.8 0.8 0.8 0.9 0.9 0.8 0.6 0.5 0.3 0.3 0.3 0.2 0.2 0.1

CCT->CCG
648.2 26.4 8.6 5.3 3.6 2.5 1.9 1.4 1.1 0.9 0.7 0.5 0.4 0.4 0.3 0.3 0.3 0.3 0.3 0.3 0.4 0.4 0.4 0.4 0.3 0.2 0.1 0.1 0.0 0.0

GCA->GCT
334.8 15.4 4.8 2.9 2.0 1.4 1.0 0.7 0.5 0.4 0.3 0.3 0.3 0.3 0.3 0.3 0.3 0.3 0.3 0.3 0.3 0.3 0.2 0.2 0.2 0.2 0.2 0.2 0.3 0.2

GCT->GCA
302.6 9.4 1.8 0.7 0.3 0.1 0.1 0.1 0.2 0.3 0.5 0.6 0.6 0.6 0.5 0.5 0.4 0.3 0.3 0.2 0.2 0.2 0.2 0.1 0.1 0.0 0.0 0.0 0.0 0.0

TCC->TCG
755.3 33.8 10.6 6.0 4.0 2.9 2.2 1.7 1.3 1.0 0.9 0.8 0.8 0.8 0.8 0.7 0.6 0.5 0.4 0.3 0.2 0.2 0.1 0.1 0.0 0.0 0.0 0.0 0.0 0.0

TCG->TCC
667.2 31.7 10.1 6.1 4.1 2.9 2.1 1.6 1.3 1.1 1.1 1.1 1.0 1.0 0.9 0.8 0.7 0.6 0.5 0.4 0.3 0.3 0.2 0.1 0.1 0.0 0.0 0.0 0.0 0.0

CCA->CCT
359.4 15.2 4.3 2.5 1.7 1.2 0.9 0.7 0.6 0.6 0.6 0.6 0.6 0.6 0.5 0.5 0.5 0.5 0.4 0.4 0.3 0.2 0.1 0.1 0.0 0.0 0.0 0.0 0.0 0.0

CCT->CCA
349.8 14.0 3.1 1.2 0.8 0.8 0.9 0.9 0.9 0.7 0.5 0.3 0.2 0.1 0.1 0.1 0.1 0.1 0.1 0.1 0.1 0.0 0.0 0.0 0.0 0.0 0.1 0.2 0.3 0.3

GGC->GGG
675.3 33.1 9.7 4.8 2.6 1.4 0.8 0.5 0.4 0.4 0.5 0.6 0.6 0.6 0.5 0.5 0.5 0.5 0.5 0.6 0.6 0.6 0.5 0.4 0.3 0.2 0.1 0.0 0.1 0.3

GGG->GGC
748.9 32.7 9.6 5.0 3.4 2.7 2.4 2.3 2.4 2.4 2.3 2.1 1.8 1.4 1.0 0.7 0.4 0.2 0.1 0.1 0.1 0.1 0.2 0.2 0.2 0.1 0.1 0.0 0.0 0.0

CTA->TTA
1340.3 62.3 18.9 10.8 7.5 5.8 4.8 4.3 3.8 3.4 2.8 2.3 1.8 1.4 1.1 0.9 0.7 0.6 0.5 0.4 0.4 0.3 0.3 0.4 0.3 0.3 0.2 0.1 0.0 0.0

TTA->CTA
453.2 21.4 5.4 2.2 1.2 0.9 0.8 0.7 0.6 0.5 0.4 0.4 0.5 0.6 0.7 0.7 0.7 0.6 0.6 0.5 0.5 0.4 0.4 0.3 0.3 0.2 0.2 0.1 0.1 0.0

GCG->GCT
604.5 26.6 7.3 4.3 3.3 2.9 2.7 2.5 2.3 2.0 1.8 1.5 1.3 1.2 1.0 0.8 0.7 0.5 0.4 0.3 0.3 0.2 0.1 0.1 0.0 0.0 0.0 0.0 0.0 0.0

GCT->GCG
392.3 14.5 3.9 2.8 2.4 2.1 1.8 1.5 1.2 0.9 0.8 0.7 0.6 0.6 0.6 0.6 0.6 0.5 0.5 0.4 0.3 0.2 0.1 0.1 0.0 0.0 0.0 0.0 0.0 0.0

AGG->CGG
687.5 31.8 10.1 5.7 3.8 2.9 2.4 2.0 1.6 1.3 1.0 0.9 0.7 0.6 0.6 0.5 0.5 0.4 0.3 0.2 0.1 0.1 0.0 0.0 0.0 0.0 0.0 0.0 0.0 0.0

CGG->AGG
1191.6 55.2 15.1 8.0 5.5 4.2 3.4 2.9 2.5 2.2 2.0 1.8 1.6 1.5 1.3 1.2 1.0 0.8 0.6 0.5 0.5 0.4 0.4 0.5 0.5 0.5 0.5 0.4 0.3 0.1

AGA->CGA
661.9 26.3 7.7 4.3 3.2 2.6 2.2 1.6 1.2 0.8 0.6 0.5 0.5 0.5 0.5 0.5 0.5 0.4 0.3 0.3 0.2 0.1 0.1 0.0 0.0 0.0 0.0 0.0 0.0 0.0

CGA->AGA
818.2 38.8 10.4 5.3 3.1 2.1 1.6 1.5 1.5 1.5 1.5 1.4 1.2 1.0 0.8 0.5 0.4 0.2 0.1 0.1 0.1 0.2 0.2 0.1 0.1 0.1 0.0 0.0 0.0 0.0

CGG->CGT
484.7 19.9 5.2 2.6 1.4 0.8 0.5 0.3 0.2 0.1 0.1 0.0 0.0 0.0 0.0 0.0 0.0 0.1 0.1 0.2 0.3 0.3 0.3 0.3 0.2 0.1 0.0 0.0 0.0 0.0

CGT->CGG
75.9 3.4 0.6 0.2 0.1 0.2 0.2 0.2 0.1 0.1 0.1 0.0 0.0 0.0 0.0 0.0 0.0 0.0 0.0 0.0 0.0 0.0 0.0 0.0 0.0 0.0 0.0 0.0 0.0 0.0

CGA->CGT
93.9 4.0 1.3 0.8 0.5 0.3 0.3 0.3 0.3 0.4 0.5 0.5 0.5 0.4 0.3 0.2 0.1 0.1 0.0 0.0 0.0 0.0 0.0 0.0 0.0 0.0 0.0 0.0 0.0 0.0

CGT->CGA
79.3 2.5 0.3 0.2 0.3 0.5 0.6 0.7 0.7 0.6 0.5 0.4 0.3 0.2 0.1 0.0 0.0 0.0 0.0 0.0 0.0 0.0 0.0 0.0 0.0 0.0 0.0 0.0 0.0 0.0

GTA->GTT
139.5 4.3 0.8 0.5 0.4 0.3 0.3 0.3 0.3 0.3 0.3 0.3 0.2 0.2 0.2 0.2 0.2 0.1 0.1 0.1 0.0 0.0 0.0 0.0 0.0 0.0 0.0 0.0 0.0 0.0

GTT->GTA
140.1 5.0 1.5 0.9 0.6 0.5 0.4 0.3 0.3 0.4 0.4 0.3 0.3 0.3 0.2 0.2 0.1 0.1 0.0 0.0 0.0 0.0 0.0 0.0 0.0 0.0 0.0 0.0 0.0 0.0

GTA->GTC
121.3 6.4 2.3 1.5 1.0 0.7 0.5 0.4 0.3 0.2 0.2 0.1 0.1 0.1 0.1 0.1 0.1 0.1 0.1 0.1 0.1 0.1 0.0 0.0 0.0 0.0 0.0 0.0 0.0 0.0

GTC->GTA
446.2 17.9 4.9 2.5 1.8 1.6 1.5 1.4 1.3 1.1 1.0 0.9 0.8 0.7 0.6 0.5 0.4 0.3 0.2 0.2 0.2 0.1 0.1 0.0 0.0 0.0 0.0 0.0 0.0 0.0

TCG->TCT
769.6 34.2 10.4 5.7 3.7 2.6 1.8 1.5 1.3 1.3 1.3 1.2 1.1 1.0 0.9 0.8 0.7 0.7 0.7 0.7 0.6 0.5 0.3 0.2 0.1 0.1 0.0 0.0 0.0 0.0

TCT->TCG
649.1 27.4 7.4 3.5 2.5 2.2 2.2 2.1 1.9 1.7 1.4 1.1 0.8 0.6 0.5 0.4 0.3 0.3 0.2 0.1 0.1 0.1 0.1 0.1 0.1 0.2 0.2 0.2 0.3 0.4

CTA->CTT
106.5 4.8 1.3 0.7 0.4 0.3 0.3 0.3 0.3 0.3 0.3 0.2 0.2 0.2 0.2 0.2 0.1 0.1 0.1 0.1 0.0 0.0 0.0 0.0 0.0 0.0 0.0 0.0 0.0 0.0

CTT->CTA
161.6 5.8 1.3 0.6 0.5 0.5 0.5 0.4 0.4 0.3 0.3 0.2 0.2 0.2 0.1 0.1 0.1 0.1 0.1 0.2 0.1 0.1 0.1 0.0 0.0 0.0 0.0 0.0 0.0 0.0

GGG->GGT
1005.0 42.1 12.2 7.1 4.9 3.7 2.9 2.4 2.0 1.6 1.3 1.1 0.9 0.8 0.7 0.6 0.5 0.5 0.5 0.4 0.4 0.4 0.3 0.3 0.2 0.1 0.1 0.0 0.0 0.0

GGT->GGG
236.7 17.5 6.6 4.3 2.9 1.9 1.3 1.0 0.8 0.6 0.5 0.4 0.3 0.3 0.2 0.2 0.2 0.2 0.2 0.2 0.2 0.2 0.1 0.1 0.1 0.0 0.0 0.0 0.0 0.0

CTA->CTC
175.5 6.8 1.9 1.1 0.8 0.7 0.7 0.6 0.6 0.6 0.6 0.6 0.6 0.5 0.4 0.4 0.2 0.2 0.1 0.0 0.0 0.0 0.0 0.0 0.0 0.0 0.0 0.0 0.0 0.0

CTC->CTA
480.3 19.4 4.2 2.1 1.7 1.5 1.4 1.2 1.1 1.0 0.9 0.8 0.8 0.8 0.8 0.8 0.7 0.7 0.6 0.5 0.3 0.2 0.1 0.1 0.0 0.0 0.0 0.0 0.0 0.0

TCA->TCT
416.2 14.1 2.4 1.3 1.1 1.0 1.0 0.9 0.7 0.6 0.4 0.3 0.3 0.2 0.2 0.2 0.3 0.3 0.4 0.5 0.6 0.6 0.5 0.4 0.3 0.2 0.1 0.0 0.0 0.0

TCT->TCA
298.5 13.9 3.6 1.6 0.9 0.6 0.4 0.4 0.3 0.3 0.3 0.2 0.2 0.2 0.2 0.3 0.3 0.3 0.3 0.3 0.3 0.2 0.2 0.1 0.1 0.1 0.0 0.0 0.0 0.0

