TTC->TTT
5341.5 292.8 75.2 38.1 24.7 18.5 14.9 12.6 11.1 10.1 9.5 9.1 8.7 8.3 7.7 7.1 6.4 5.7 5.1 4.5 4.0 3.5 3.2 2.9 2.7 2.6 2.5 2.4 2.2 2.1 1.9 1.7 1.4 1.2 0.9 0.7 0.6 0.5 0.4 0.3 0.3 0.3 0.3 0.3 0.4 0.5 0.6 0.7 0.6 0.4

TTT->TTC
1928.7 107.0 30.3 15.7 9.6 6.4 4.7 3.7 3.1 2.7 2.5 2.4 2.4 2.5 2.5 2.4 2.3 2.1 2.0 1.8 1.7 1.5 1.4 1.2 1.1 1.0 1.0 0.9 0.9 0.9 0.8 0.8 0.8 0.8 0.7 0.7 0.7 0.7 0.7 0.7 0.6 0.6 0.4 0.3 0.2 0.1 0.1 0.2 0.4 0.7

TGC->TGT
5133.9 302.9 82.1 42.4 27.8 20.6 16.2 13.5 11.7 10.5 9.5 8.7 7.9 7.2 6.5 5.9 5.3 4.8 4.4 3.9 3.5 3.1 2.8 2.5 2.3 2.1 2.0 1.9 1.8 1.8 1.8 1.8 1.8 1.7 1.7 1.6 1.5 1.3 1.2 1.1 0.9 0.8 0.6 0.5 0.3 0.2 0.1 0.0 0.0 0.0

TGT->TGC
1541.0 94.4 26.2 13.1 8.1 5.8 4.7 4.1 3.9 3.7 3.4 3.1 2.8 2.5 2.2 1.9 1.7 1.5 1.3 1.2 1.2 1.1 1.0 1.0 0.9 0.8 0.7 0.6 0.5 0.5 0.4 0.4 0.4 0.4 0.3 0.3 0.4 0.4 0.4 0.4 0.4 0.3 0.3 0.2 0.1 0.1 0.0 0.0 0.0 0.0

AAA->AAG
1674.1 89.9 25.8 14.1 9.4 7.1 5.7 4.6 3.8 3.1 2.7 2.4 2.2 2.1 1.9 1.7 1.6 1.5 1.3 1.2 1.2 1.1 1.0 1.0 1.0 1.0 1.0 1.0 0.9 0.8 0.8 0.7 0.6 0.5 0.5 0.4 0.4 0.4 0.5 0.5 0.5 0.5 0.5 0.4 0.3 0.2 0.1 0.0 0.0 0.0

AAG->AAA
4391.6 242.4 67.6 36.7 25.3 19.5 15.7 13.0 11.1 9.7 8.5 7.4 6.5 5.6 4.9 4.3 3.7 3.2 2.8 2.5 2.1 1.9 1.7 1.5 1.4 1.3 1.3 1.3 1.2 1.2 1.1 1.1 1.0 0.9 0.9 0.9 0.8 0.8 0.7 0.6 0.6 0.5 0.5 0.5 0.5 0.5 0.5 0.4 0.3 0.1

TAC->TAT
4408.2 241.6 63.3 33.9 23.4 17.8 14.1 11.5 9.6 8.1 6.8 5.8 4.9 4.3 4.0 3.8 3.8 3.8 3.8 3.8 3.6 3.3 3.0 2.7 2.4 2.1 1.9 1.7 1.6 1.4 1.3 1.2 1.1 1.0 0.9 0.8 0.8 0.7 0.7 0.7 0.7 0.7 0.6 0.6 0.5 0.4 0.3 0.2 0.1 0.0

TAT->TAC
2162.5 121.7 33.0 16.0 9.5 6.5 5.2 4.5 4.2 4.0 3.9 3.8 3.6 3.4 3.2 3.0 2.8 2.5 2.2 1.8 1.5 1.3 1.1 1.1 1.0 1.0 1.1 1.0 1.0 0.9 0.8 0.7 0.6 0.6 0.5 0.5 0.5 0.5 0.5 0.5 0.4 0.4 0.3 0.3 0.2 0.1 0.1 0.0 0.0 0.0

CAC->CAT
4985.1 284.6 78.4 41.1 27.2 21.1 18.0 15.9 14.2 12.6 11.1 9.6 8.2 6.9 5.8 4.9 4.1 3.6 3.2 2.9 2.8 2.6 2.6 2.5 2.5 2.5 2.6 2.6 2.5 2.4 2.2 2.0 1.7 1.5 1.2 1.0 0.8 0.6 0.5 0.5 0.4 0.4 0.3 0.3 0.2 0.1 0.1 0.0 0.0 0.0

CAT->CAC
1986.4 113.9 31.4 16.7 11.5 8.9 7.3 6.1 5.2 4.6 4.1 3.7 3.4 3.1 2.8 2.6 2.3 2.2 2.0 1.9 1.8 1.7 1.7 1.6 1.6 1.5 1.4 1.3 1.2 1.1 1.0 0.9 0.8 0.7 0.7 0.6 0.6 0.6 0.6 0.7 0.7 0.7 0.7 0.7 0.7 0.8 0.8 0.8 0.6 0.4

CAA->CAG
3391.3 201.3 59.9 31.7 20.3 14.6 11.8 10.3 9.5 8.9 8.5 8.0 7.5 6.9 6.4 5.9 5.5 5.1 4.6 4.2 3.8 3.4 3.1 2.8 2.5 2.3 2.1 1.9 1.7 1.6 1.4 1.3 1.2 1.1 1.0 0.9 0.8 0.7 0.6 0.6 0.5 0.5 0.4 0.4 0.3 0.3 0.3 0.4 0.4 0.5

CAG->CAA
6337.4 353.0 95.1 51.5 34.7 25.6 19.7 15.9 13.4 11.7 10.5 9.6 8.9 8.2 7.6 6.9 6.3 5.8 5.4 5.0 4.7 4.4 4.1 3.8 3.5 3.3 3.1 2.9 2.8 2.7 2.6 2.5 2.3 2.1 1.9 1.6 1.4 1.1 0.9 0.8 0.7 0.7 0.7 0.7 0.7 0.6 0.5 0.3 0.1 0.0

GAA->GAG
1857.3 103.7 29.7 16.8 12.0 9.2 7.2 5.7 4.7 4.1 3.7 3.5 3.2 2.8 2.5 2.1 1.9 1.6 1.5 1.4 1.3 1.2 1.1 1.1 1.1 1.0 1.0 0.9 0.9 0.8 0.7 0.7 0.6 0.5 0.4 0.4 0.3 0.2 0.1 0.1 0.1 0.0 0.0 0.0 0.0 0.0 0.0 0.0 0.0 0.0

GAG->GAA
5564.0 314.6 84.3 43.1 28.1 20.7 16.3 13.3 11.2 9.7 8.6 7.9 7.4 7.0 6.6 6.2 5.9 5.5 5.1 4.7 4.3 4.0 3.8 3.5 3.3 3.2 3.0 2.8 2.6 2.4 2.2 2.0 1.7 1.5 1.3 1.1 0.9 0.7 0.6 0.5 0.4 0.3 0.3 0.3 0.3 0.3 0.3 0.3 0.2 0.1

AAC->AAT
5698.3 322.5 85.7 45.1 30.4 22.9 18.2 15.0 12.8 11.2 10.0 8.9 8.0 7.1 6.4 5.7 5.1 4.6 4.1 3.7 3.3 3.0 2.8 2.6 2.4 2.2 2.1 2.1 2.1 2.1 2.2 2.3 2.3 2.3 2.2 2.0 1.8 1.5 1.2 0.9 0.6 0.4 0.2 0.2 0.1 0.2 0.2 0.2 0.2 0.3

AAT->AAC
2386.1 139.0 39.4 21.1 14.0 10.7 9.0 7.9 7.1 6.5 6.0 5.5 5.1 4.7 4.3 3.9 3.5 3.2 2.9 2.6 2.4 2.3 2.2 2.1 2.0 1.9 1.8 1.6 1.4 1.3 1.1 1.0 0.8 0.7 0.6 0.5 0.5 0.6 0.6 0.8 0.9 1.0 1.0 0.9 0.7 0.5 0.4 0.5 0.6 0.6

GAC->GAT
7102.2 413.4 109.9 56.4 36.5 26.8 21.3 17.9 15.4 13.4 11.8 10.5 9.4 8.5 7.8 7.1 6.5 6.0 5.4 4.9 4.5 4.1 3.7 3.4 3.1 2.8 2.6 2.4 2.2 2.0 1.8 1.8 1.7 1.8 1.8 1.8 1.8 1.7 1.6 1.4 1.1 0.9 0.7 0.6 0.6 0.5 0.5 0.5 0.4 0.5

GAT->GAC
2399.7 132.0 36.3 19.9 14.0 10.8 8.9 7.7 6.9 6.4 6.0 5.6 5.2 4.8 4.4 4.0 3.5 3.1 2.8 2.4 2.0 1.7 1.5 1.3 1.1 0.9 0.8 0.7 0.7 0.6 0.6 0.6 0.6 0.6 0.6 0.6 0.6 0.6 0.6 0.5 0.5 0.5 0.5 0.5 0.5 0.5 0.5 0.4 0.3 0.2

ATC->ATT
4436.9 237.8 61.5 32.3 21.9 16.4 12.9 10.4 8.6 7.4 6.6 6.1 5.8 5.5 5.2 4.9 4.5 4.0 3.6 3.1 2.8 2.5 2.3 2.1 2.0 2.0 1.9 1.8 1.6 1.5 1.3 1.2 1.1 1.0 0.9 0.8 0.8 0.8 0.7 0.7 0.6 0.5 0.4 0.4 0.4 0.4 0.4 0.4 0.3 0.1

ATT->ATC
1121.5 62.9 18.0 9.6 6.3 4.9 4.1 3.6 3.0 2.5 2.1 1.7 1.5 1.3 1.2 1.1 1.1 1.0 0.9 0.9 0.8 0.8 0.7 0.7 0.7 0.7 0.7 0.6 0.6 0.5 0.4 0.3 0.3 0.3 0.3 0.3 0.4 0.4 0.4 0.4 0.4 0.3 0.3 0.3 0.3 0.3 0.4 0.4 0.4 0.2

GGC->GGT
6452.8 366.0 97.0 49.8 32.8 24.5 19.5 16.0 13.5 11.6 10.2 9.1 8.2 7.5 6.8 6.2 5.6 5.1 4.7 4.3 4.0 3.8 3.6 3.5 3.4 3.2 3.1 2.9 2.7 2.5 2.3 2.2 2.0 1.8 1.6 1.4 1.2 1.0 0.8 0.7 0.5 0.4 0.4 0.3 0.3 0.3 0.4 0.4 0.4 0.3

GGT->GGC
1117.9 68.4 20.1 10.6 6.9 5.0 4.0 3.3 2.9 2.6 2.3 2.1 1.9 1.7 1.4 1.2 1.1 1.0 0.9 0.8 0.8 0.8 0.8 0.8 0.8 0.8 0.7 0.7 0.7 0.6 0.5 0.5 0.4 0.4 0.3 0.3 0.3 0.3 0.3 0.3 0.3 0.3 0.3 0.2 0.2 0.1 0.1 0.1 0.2 0.7

GCC->GCT
8540.2 487.7 135.8 71.3 46.8 34.8 27.7 23.0 19.4 16.7 14.6 13.0 11.9 11.0 10.3 9.7 9.1 8.5 7.9 7.4 6.9 6.4 5.9 5.4 4.9 4.4 3.8 3.3 2.8 2.4 2.0 1.8 1.6 1.5 1.5 1.5 1.5 1.5 1.5 1.3 1.1 0.9 0.6 0.4 0.2 0.1 0.0 0.0 0.0 0.2

GCT->GCC
1703.5 93.6 26.0 13.0 8.2 5.9 4.5 3.8 3.4 3.4 3.5 3.6 3.7 3.7 3.6 3.4 3.1 2.8 2.5 2.1 1.8 1.6 1.5 1.3 1.2 1.2 1.1 1.1 1.1 1.1 1.0 1.0 1.0 1.0 0.9 0.9 0.8 0.7 0.6 0.4 0.4 0.3 0.3 0.2 0.2 0.2 0.2 0.2 0.1 0.0

CTG->TTG
6405.2 360.1 98.3 49.1 31.0 22.9 18.5 15.5 13.0 11.1 9.6 8.6 7.9 7.3 6.9 6.5 6.1 5.6 5.1 4.7 4.2 3.8 3.4 3.1 2.9 2.7 2.6 2.5 2.4 2.4 2.4 2.3 2.3 2.2 2.0 1.9 1.7 1.5 1.3 1.2 1.0 0.8 0.6 0.5 0.4 0.3 0.3 0.2 0.2 0.1

TTG->CTG
3405.4 193.0 53.5 29.0 19.7 15.1 12.4 10.5 9.0 8.0 7.3 6.8 6.4 6.0 5.5 4.9 4.4 3.9 3.4 3.0 2.7 2.5 2.3 2.3 2.2 2.3 2.3 2.3 2.3 2.2 2.1 1.9 1.7 1.5 1.3 1.2 1.1 1.0 0.9 0.9 0.8 0.7 0.7 0.7 0.7 0.7 0.8 0.9 1.1 1.3

GTA->GTG
1090.8 57.1 16.2 8.8 6.0 4.7 4.0 3.4 2.8 2.4 2.0 1.8 1.6 1.6 1.5 1.4 1.4 1.3 1.2 1.0 0.9 0.8 0.7 0.6 0.5 0.5 0.4 0.4 0.4 0.3 0.3 0.3 0.3 0.3 0.2 0.2 0.2 0.2 0.1 0.1 0.1 0.1 0.0 0.0 0.0 0.0 0.0 0.0 0.0 0.0

GTG->GTA
4493.7 255.2 71.6 37.9 24.8 18.0 13.9 11.2 9.4 8.2 7.3 6.5 5.8 5.1 4.3 3.7 3.1 2.6 2.2 1.9 1.7 1.6 1.5 1.5 1.5 1.5 1.5 1.5 1.5 1.4 1.3 1.3 1.2 1.1 1.1 1.0 0.9 0.8 0.6 0.5 0.3 0.3 0.2 0.3 0.3 0.4 0.4 0.3 0.3 0.4

CTA->CTG
1674.1 94.1 25.7 13.4 8.7 6.5 5.4 4.7 4.2 3.9 3.5 3.2 2.8 2.4 2.0 1.8 1.6 1.5 1.5 1.6 1.7 1.7 1.8 1.7 1.7 1.6 1.4 1.3 1.2 1.1 1.0 0.9 0.8 0.7 0.6 0.5 0.4 0.2 0.2 0.1 0.1 0.0 0.0 0.0 0.0 0.0 0.1 0.2 0.3 0.3

CTG->CTA
4971.8 270.8 69.9 35.3 23.4 17.8 14.6 12.5 11.0 10.0 9.2 8.5 7.9 7.1 6.3 5.5 4.8 4.1 3.5 3.0 2.7 2.5 2.3 2.2 2.2 2.2 2.1 2.0 1.9 1.8 1.6 1.4 1.2 1.0 0.8 0.7 0.6 0.5 0.5 0.5 0.4 0.4 0.3 0.2 0.2 0.2 0.2 0.2 0.2 0.1

ACC->ACT
6232.5 346.2 91.3 47.3 32.3 26.0 22.6 19.9 17.3 15.0 13.0 11.5 10.2 9.1 8.2 7.4 6.7 6.0 5.4 4.8 4.3 3.9 3.5 3.2 3.0 2.7 2.6 2.4 2.3 2.2 2.1 2.0 1.9 1.8 1.7 1.6 1.5 1.4 1.3 1.1 0.9 0.7 0.5 0.4 0.3 0.2 0.2 0.2 0.2 0.1

ACT->ACC
1627.1 86.6 21.8 11.1 8.0 6.8 6.0 5.2 4.4 3.8 3.4 3.1 2.9 2.7 2.5 2.2 2.0 1.8 1.6 1.5 1.4 1.3 1.3 1.3 1.2 1.1 1.0 1.0 0.9 0.9 0.9 0.9 0.9 0.9 0.8 0.8 0.8 0.8 0.8 0.7 0.7 0.6 0.5 0.4 0.3 0.2 0.1 0.1 0.1 0.4

CCA->CCG
3168.4 178.9 48.2 24.9 16.5 12.6 10.4 9.0 8.1 7.4 6.8 6.4 6.0 5.6 5.3 4.9 4.5 4.1 3.7 3.3 2.9 2.6 2.4 2.3 2.2 2.2 2.1 2.0 1.9 1.7 1.5 1.3 1.2 1.1 1.1 1.1 1.2 1.3 1.3 1.4 1.4 1.3 1.1 0.9 0.8 0.6 0.6 0.5 0.5 0.3

CCG->CCA
12447.2 759.4 202.8 104.6 69.0 51.8 41.6 34.6 29.5 25.7 22.9 20.8 19.0 17.5 16.2 15.0 13.9 13.0 12.0 11.2 10.4 9.5 8.7 7.9 7.0 6.2 5.4 4.7 4.1 3.6 3.3 3.0 2.9 2.8 2.7 2.5 2.2 1.9 1.6 1.3 1.1 0.9 0.9 0.9 0.9 0.9 0.9 0.8 0.8 0.8

CCC->CCT
7366.3 427.1 115.6 58.4 36.9 26.9 21.5 18.2 15.9 14.3 13.1 12.1 11.2 10.3 9.5 8.7 7.8 7.0 6.2 5.5 4.9 4.4 4.1 3.9 3.8 3.7 3.7 3.6 3.4 3.2 2.9 2.5 2.2 1.8 1.6 1.4 1.2 1.1 1.1 1.0 1.0 0.9 0.8 0.7 0.6 0.5 0.4 0.3 0.1 0.1

CCT->CCC
1817.8 99.9 27.5 15.5 11.0 8.4 6.8 5.7 5.0 4.5 4.1 3.7 3.3 3.0 2.6 2.4 2.1 2.0 1.8 1.7 1.6 1.5 1.4 1.4 1.3 1.2 1.1 1.0 1.0 0.9 0.9 0.9 0.9 0.9 1.0 1.0 0.9 0.9 0.9 0.8 0.8 0.7 0.6 0.5 0.4 0.3 0.2 0.2 0.2 0.4

CGC->CGT
2871.1 166.1 43.8 21.6 13.7 10.1 8.3 7.2 6.5 6.0 5.5 5.2 4.8 4.4 4.1 3.7 3.4 3.0 2.7 2.4 2.2 1.9 1.7 1.6 1.4 1.3 1.3 1.2 1.1 1.1 1.0 0.9 0.8 0.7 0.6 0.6 0.6 0.6 0.6 0.6 0.5 0.5 0.4 0.3 0.2 0.2 0.2 0.2 0.2 0.1

CGT->CGC
491.5 25.0 7.1 3.9 2.5 1.8 1.3 1.0 0.8 0.6 0.5 0.5 0.5 0.5 0.6 0.7 0.8 0.9 0.9 0.9 0.9 0.8 0.7 0.6 0.5 0.5 0.4 0.3 0.3 0.2 0.2 0.1 0.1 0.1 0.1 0.1 0.1 0.1 0.2 0.2 0.2 0.2 0.3 0.3 0.3 0.3 0.3 0.2 0.1 0.1

ACA->ACG
2980.5 173.6 49.6 27.1 18.8 14.6 11.9 10.0 8.7 7.7 7.0 6.4 5.8 5.2 4.5 4.0 3.4 3.0 2.6 2.3 2.1 1.9 1.8 1.8 1.8 1.8 1.8 1.8 1.8 1.8 1.8 1.7 1.6 1.6 1.4 1.3 1.2 1.1 1.0 1.0 1.1 1.1 1.1 1.1 1.1 1.0 1.0 1.1 1.3 1.2

ACG->ACA
11349.1 674.3 185.5 95.7 61.9 45.1 35.1 28.5 24.0 21.0 19.0 17.5 16.4 15.3 14.3 13.2 12.0 10.9 9.8 8.8 7.9 7.1 6.5 6.0 5.5 5.1 4.7 4.3 4.0 3.7 3.5 3.3 3.2 3.1 3.0 2.9 2.8 2.7 2.5 2.2 2.0 1.7 1.4 1.2 1.1 1.0 1.0 1.0 0.9 0.6

TCC->TCT
8646.6 502.1 136.5 72.0 47.4 35.0 27.9 23.3 20.0 17.5 15.6 14.0 12.6 11.5 10.6 9.7 9.0 8.4 7.9 7.5 7.1 6.7 6.3 5.8 5.3 4.7 4.2 3.7 3.3 2.9 2.6 2.4 2.3 2.2 2.0 1.9 1.7 1.5 1.3 1.1 1.0 0.9 0.8 0.7 0.6 0.5 0.4 0.3 0.2 0.1

TCT->TCC
2575.6 143.8 39.9 20.2 12.6 9.1 7.3 6.3 5.5 4.8 4.1 3.6 3.3 3.1 2.9 2.9 2.8 2.7 2.6 2.4 2.3 2.1 1.9 1.8 1.7 1.7 1.6 1.6 1.5 1.5 1.4 1.3 1.2 1.1 0.9 0.8 0.7 0.6 0.5 0.4 0.4 0.3 0.3 0.3 0.4 0.4 0.5 0.5 0.4 0.3

GTC->GTT
3086.4 157.4 38.4 19.6 13.1 10.1 8.2 6.9 5.8 5.1 4.7 4.4 4.3 4.2 4.1 3.9 3.7 3.4 3.0 2.6 2.3 2.0 1.9 1.7 1.7 1.7 1.7 1.7 1.6 1.6 1.5 1.4 1.2 1.1 0.9 0.8 0.6 0.5 0.5 0.5 0.5 0.5 0.5 0.5 0.5 0.4 0.3 0.2 0.1 0.1

GTT->GTC
691.7 32.6 8.0 4.0 2.7 2.2 2.0 1.9 1.8 1.7 1.5 1.5 1.4 1.3 1.3 1.2 1.2 1.1 1.1 1.0 0.8 0.8 0.7 0.7 0.7 0.7 0.7 0.7 0.6 0.6 0.5 0.5 0.4 0.4 0.4 0.4 0.4 0.4 0.3 0.3 0.3 0.2 0.2 0.1 0.1 0.0 0.0 0.0 0.0 0.0

AGC->AGT
6701.3 381.6 99.6 50.1 32.9 25.0 20.6 17.6 15.5 13.8 12.4 11.3 10.4 9.7 8.9 8.2 7.4 6.6 5.9 5.2 4.7 4.3 3.9 3.6 3.3 3.0 2.7 2.4 2.1 1.8 1.6 1.5 1.3 1.2 1.1 1.0 0.9 0.9 0.8 0.7 0.6 0.6 0.6 0.5 0.5 0.5 0.4 0.4 0.5 0.8

AGT->AGC
1624.3 89.5 24.1 13.1 9.1 7.2 6.1 5.4 4.8 4.2 3.7 3.2 2.8 2.4 2.0 1.7 1.5 1.3 1.2 1.2 1.3 1.4 1.4 1.5 1.5 1.5 1.5 1.4 1.3 1.1 0.9 0.8 0.6 0.5 0.4 0.4 0.4 0.3 0.3 0.3 0.3 0.3 0.2 0.2 0.1 0.1 0.0 0.0 0.0 0.0

CTC->CTT
4757.2 266.6 69.4 35.0 23.4 18.2 15.3 13.2 11.5 10.1 8.8 7.7 6.7 5.8 5.1 4.5 4.1 3.8 3.5 3.2 2.9 2.7 2.4 2.2 2.0 1.8 1.7 1.6 1.5 1.4 1.3 1.2 1.1 1.0 0.9 0.9 0.9 0.9 0.9 0.8 0.6 0.5 0.3 0.2 0.1 0.0 0.0 0.0 0.0 0.0

CTT->CTC
956.0 49.3 11.9 6.1 4.2 3.2 2.6 2.3 2.1 2.0 1.9 1.8 1.7 1.6 1.4 1.3 1.1 1.0 0.9 0.8 0.7 0.7 0.7 0.7 0.6 0.6 0.6 0.5 0.5 0.4 0.3 0.3 0.2 0.1 0.1 0.1 0.1 0.1 0.1 0.1 0.1 0.1 0.1 0.1 0.1 0.0 0.0 0.0 0.0 0.0

GCA->GCG
2282.6 131.8 37.3 19.9 13.6 10.4 8.3 6.8 5.6 4.7 4.1 3.7 3.5 3.3 3.2 3.2 3.1 3.1 3.0 2.9 2.7 2.6 2.5 2.4 2.3 2.2 2.0 1.9 1.7 1.6 1.4 1.3 1.2 1.1 1.1 1.1 1.1 1.1 1.1 1.2 1.2 1.1 1.0 1.0 0.9 0.7 0.6 0.4 0.3 0.4

GCG->GCA
10580.1 651.8 175.3 89.8 59.6 45.7 37.7 32.2 28.1 24.7 21.8 19.2 17.0 15.0 13.4 12.2 11.1 10.2 9.6 9.0 8.5 8.1 7.8 7.4 7.0 6.5 5.9 5.3 4.7 4.1 3.6 3.2 2.8 2.5 2.2 2.0 1.7 1.5 1.4 1.2 1.1 1.0 0.9 0.8 0.6 0.4 0.3 0.2 0.3 0.3

GTG->GTT
714.1 42.3 12.3 6.0 3.6 2.6 2.1 1.9 1.6 1.4 1.1 0.9 0.7 0.6 0.5 0.4 0.4 0.4 0.4 0.4 0.3 0.3 0.3 0.2 0.2 0.2 0.2 0.2 0.2 0.3 0.3 0.3 0.3 0.2 0.2 0.2 0.1 0.1 0.1 0.1 0.2 0.2 0.3 0.3 0.3 0.3 0.2 0.1 0.0 0.0

GTT->GTG
218.3 10.9 2.6 1.3 0.9 0.7 0.6 0.6 0.6 0.6 0.5 0.4 0.4 0.3 0.2 0.2 0.2 0.2 0.2 0.2 0.3 0.3 0.3 0.4 0.4 0.3 0.3 0.3 0.2 0.2 0.2 0.2 0.2 0.2 0.2 0.2 0.2 0.2 0.2 0.2 0.2 0.2 0.1 0.1 0.1 0.0 0.0 0.0 0.0 0.0

CGA->CGG
393.3 22.8 6.8 4.0 3.2 2.8 2.3 1.8 1.5 1.2 1.1 1.0 1.0 0.9 0.9 0.9 0.9 0.8 0.8 0.7 0.7 0.6 0.5 0.4 0.4 0.4 0.3 0.3 0.3 0.3 0.3 0.3 0.3 0.3 0.3 0.3 0.3 0.3 0.2 0.2 0.1 0.1 0.1 0.0 0.0 0.0 0.0 0.0 0.0 0.0

CGG->CGA
1790.0 113.1 32.3 15.7 9.5 6.7 5.2 4.3 3.6 3.2 2.9 2.7 2.6 2.4 2.2 2.0 1.8 1.6 1.5 1.4 1.4 1.3 1.2 1.2 1.1 0.9 0.8 0.7 0.6 0.5 0.4 0.4 0.4 0.3 0.3 0.3 0.3 0.3 0.3 0.4 0.4 0.4 0.4 0.3 0.3 0.2 0.2 0.3 0.3 0.2

CCA->CCC
581.4 37.4 10.5 5.7 4.0 3.2 2.9 2.7 2.5 2.3 2.0 1.7 1.4 1.2 1.0 0.8 0.7 0.6 0.6 0.5 0.5 0.4 0.4 0.4 0.4 0.4 0.3 0.3 0.2 0.2 0.1 0.1 0.1 0.0 0.0 0.0 0.1 0.1 0.1 0.1 0.1 0.1 0.1 0.1 0.1 0.0 0.0 0.0 0.0 0.0

CCC->CCA
855.5 49.3 13.6 7.2 4.9 3.7 3.0 2.5 2.1 1.7 1.4 1.1 1.0 0.8 0.7 0.7 0.6 0.5 0.5 0.4 0.4 0.4 0.5 0.5 0.5 0.5 0.5 0.5 0.5 0.4 0.4 0.4 0.3 0.3 0.3 0.3 0.3 0.2 0.2 0.1 0.1 0.1 0.0 0.0 0.0 0.0 0.0 0.0 0.0 0.0

GGA->GGC
379.3 22.8 6.4 3.4 2.1 1.3 1.0 0.9 0.9 1.0 1.1 1.1 1.0 0.9 0.8 0.7 0.6 0.5 0.4 0.4 0.4 0.3 0.3 0.3 0.3 0.2 0.2 0.2 0.2 0.2 0.2 0.2 0.2 0.1 0.1 0.1 0.0 0.0 0.0 0.0 0.0 0.0 0.0 0.0 0.0 0.1 0.1 0.2 0.3 0.2

GGC->GGA
1099.1 66.1 16.9 8.0 5.2 4.1 3.7 3.3 3.0 2.5 2.1 1.8 1.6 1.4 1.3 1.2 1.2 1.2 1.2 1.2 1.1 1.1 1.0 0.9 0.9 0.8 0.7 0.6 0.5 0.4 0.4 0.3 0.3 0.3 0.3 0.3 0.2 0.2 0.2 0.2 0.1 0.1 0.1 0.2 0.2 0.2 0.1 0.1 0.0 0.0

AGA->AGG
1180.2 58.8 13.7 6.5 4.3 3.5 3.1 2.8 2.6 2.4 2.2 2.0 1.8 1.7 1.6 1.4 1.3 1.1 1.0 0.8 0.7 0.7 0.6 0.6 0.6 0.6 0.7 0.7 0.7 0.6 0.6 0.5 0.5 0.4 0.4 0.3 0.3 0.2 0.2 0.1 0.1 0.1 0.1 0.1 0.1 0.2 0.2 0.2 0.1 0.1

AGG->AGA
4098.2 234.0 65.4 34.8 24.0 19.0 15.9 13.7 12.0 10.4 9.1 7.9 6.8 6.0 5.3 4.7 4.2 3.9 3.6 3.3 3.1 2.9 2.7 2.4 2.1 1.9 1.7 1.5 1.4 1.4 1.3 1.2 1.2 1.0 0.9 0.8 0.7 0.6 0.5 0.5 0.5 0.4 0.4 0.3 0.2 0.1 0.1 0.0 0.0 0.0

TCA->TCG
2839.5 159.5 46.8 25.3 16.5 12.1 9.7 8.2 7.1 6.2 5.4 4.6 3.9 3.4 3.0 2.8 2.7 2.7 2.7 2.8 2.8 2.8 2.8 2.7 2.6 2.4 2.2 1.9 1.7 1.5 1.3 1.2 1.1 1.0 0.9 0.8 0.8 0.7 0.6 0.6 0.5 0.4 0.4 0.4 0.4 0.5 0.6 0.7 0.7 0.7

TCG->TCA
12424.4 742.2 199.1 100.3 63.5 46.5 37.4 31.6 27.4 23.9 21.1 18.7 16.8 15.3 14.2 13.2 12.3 11.3 10.3 9.3 8.4 7.7 7.0 6.6 6.3 6.1 5.9 5.7 5.4 5.0 4.6 4.2 3.8 3.5 3.2 3.0 2.9 2.7 2.4 2.2 1.9 1.7 1.5 1.3 1.1 0.9 0.8 0.7 0.7 0.6

GCA->GCC
573.7 34.5 10.0 5.1 3.1 2.2 1.6 1.2 1.0 0.9 0.9 0.8 0.8 0.7 0.7 0.6 0.6 0.5 0.5 0.4 0.4 0.3 0.3 0.3 0.3 0.3 0.3 0.3 0.3 0.3 0.3 0.3 0.2 0.2 0.2 0.2 0.2 0.1 0.1 0.1 0.1 0.0 0.0 0.1 0.1 0.2 0.2 0.2 0.1 0.1

GCC->GCA
842.7 49.6 13.4 7.0 4.6 3.5 3.0 2.7 2.4 2.1 1.8 1.5 1.3 1.1 1.1 1.1 1.1 1.1 1.2 1.1 1.1 1.0 0.9 0.8 0.7 0.6 0.6 0.5 0.4 0.3 0.3 0.2 0.2 0.2 0.2 0.1 0.1 0.1 0.1 0.1 0.0 0.0 0.0 0.0 0.0 0.0 0.0 0.0 0.0 0.0

GGA->GGG
1244.1 67.7 20.0 11.0 7.3 5.3 4.0 3.3 2.9 2.6 2.4 2.2 2.0 1.8 1.5 1.3 1.1 1.0 0.8 0.8 0.8 0.8 0.9 1.0 1.0 1.1 1.1 1.1 1.1 1.0 0.9 0.9 0.8 0.8 0.8 0.8 0.8 0.8 0.8 0.7 0.6 0.5 0.4 0.2 0.2 0.2 0.2 0.2 0.2 0.2

GGG->GGA
3974.0 232.4 63.2 33.3 22.4 17.2 14.2 12.4 11.0 9.9 8.9 7.9 6.9 5.9 5.0 4.2 3.6 3.1 2.7 2.4 2.2 2.0 1.9 1.8 1.7 1.6 1.5 1.4 1.4 1.3 1.3 1.3 1.2 1.1 1.0 0.9 0.8 0.7 0.6 0.5 0.4 0.3 0.2 0.1 0.1 0.0 0.0 0.0 0.0 0.0

ATA->ATC
134.8 7.3 2.3 1.2 0.7 0.4 0.3 0.3 0.2 0.3 0.3 0.3 0.3 0.3 0.2 0.2 0.3 0.3 0.2 0.2 0.2 0.2 0.1 0.1 0.1 0.0 0.0 0.0 0.0 0.0 0.0 0.0 0.0 0.0 0.0 0.0 0.0 0.0 0.0 0.0 0.0 0.0 0.0 0.0 0.0 0.0 0.0 0.0 0.0 0.0

ATC->ATA
809.0 43.8 10.9 5.5 3.8 3.1 2.6 2.2 1.8 1.5 1.3 1.2 1.2 1.2 1.2 1.2 1.1 1.0 0.9 0.8 0.7 0.6 0.5 0.5 0.4 0.4 0.5 0.5 0.5 0.4 0.4 0.4 0.3 0.3 0.2 0.1 0.1 0.1 0.1 0.1 0.1 0.1 0.2 0.2 0.1 0.1 0.1 0.0 0.0 0.0

ACA->ACC
528.4 29.3 8.1 3.9 2.4 1.8 1.6 1.5 1.4 1.2 1.1 0.9 0.8 0.6 0.6 0.5 0.5 0.4 0.4 0.4 0.4 0.4 0.4 0.4 0.4 0.3 0.3 0.2 0.2 0.1 0.1 0.1 0.1 0.1 0.1 0.1 0.1 0.1 0.1 0.1 0.1 0.2 0.1 0.1 0.1 0.1 0.0 0.0 0.0 0.0

ACC->ACA
916.2 54.8 16.3 8.8 5.5 3.8 2.8 2.3 2.0 1.9 1.9 2.0 2.0 1.9 1.7 1.5 1.3 1.2 1.0 0.9 0.8 0.7 0.7 0.7 0.6 0.6 0.5 0.5 0.5 0.5 0.5 0.5 0.4 0.4 0.4 0.4 0.4 0.3 0.3 0.2 0.2 0.1 0.1 0.0 0.0 0.0 0.0 0.0 0.0 0.0

TTA->TTG
1034.3 60.1 15.2 6.1 3.0 1.9 1.5 1.4 1.3 1.4 1.3 1.2 1.1 1.0 0.9 0.8 0.7 0.7 0.6 0.6 0.5 0.6 0.6 0.6 0.6 0.7 0.7 0.7 0.7 0.6 0.6 0.6 0.5 0.5 0.4 0.4 0.3 0.3 0.3 0.2 0.2 0.1 0.1 0.0 0.0 0.0 0.0 0.0 0.1 0.3

TTG->TTA
2896.7 148.4 39.9 21.2 13.7 9.7 7.4 5.9 5.0 4.3 3.7 3.2 2.8 2.5 2.2 2.1 2.0 1.9 1.9 1.8 1.7 1.6 1.5 1.4 1.3 1.2 1.1 1.0 0.9 0.8 0.7 0.7 0.6 0.6 0.5 0.5 0.5 0.4 0.3 0.3 0.2 0.2 0.2 0.2 0.2 0.1 0.1 0.1 0.0 0.0

ATA->ATT
146.3 7.3 1.7 0.9 0.7 0.6 0.5 0.5 0.5 0.4 0.4 0.3 0.3 0.2 0.1 0.1 0.1 0.0 0.0 0.0 0.0 0.0 0.0 0.0 0.0 0.0 0.0 0.0 0.0 0.0 0.0 0.0 0.0 0.0 0.0 0.0 0.0 0.0 0.0 0.0 0.0 0.0 0.0 0.0 0.0 0.0 0.0 0.0 0.0 0.0

ATT->ATA
247.1 11.9 3.5 2.0 1.3 1.0 0.7 0.6 0.4 0.4 0.3 0.3 0.3 0.3 0.3 0.3 0.2 0.2 0.2 0.2 0.2 0.1 0.1 0.1 0.1 0.0 0.0 0.0 0.0 0.1 0.1 0.1 0.1 0.1 0.1 0.1 0.1 0.1 0.0 0.0 0.0 0.0 0.0 0.0 0.0 0.0 0.0 0.0 0.0 0.0

CTG->CTT
1042.6 51.0 13.7 7.3 4.8 3.6 3.1 2.9 2.7 2.6 2.3 2.0 1.6 1.3 1.0 0.7 0.5 0.4 0.4 0.4 0.5 0.6 0.7 0.8 0.8 0.8 0.8 0.8 0.7 0.6 0.5 0.5 0.5 0.4 0.4 0.4 0.3 0.3 0.2 0.2 0.1 0.1 0.1 0.1 0.2 0.2 0.2 0.1 0.1 0.0

CTT->CTG
332.7 19.1 5.8 3.0 1.7 1.1 0.8 0.6 0.5 0.4 0.3 0.3 0.3 0.3 0.2 0.2 0.2 0.2 0.2 0.2 0.2 0.3 0.3 0.4 0.4 0.5 0.5 0.5 0.4 0.4 0.3 0.2 0.2 0.1 0.1 0.0 0.0 0.0 0.0 0.0 0.0 0.0 0.0 0.0 0.0 0.0 0.0 0.0 0.0 0.0

GGA->GGT
388.2 19.7 5.9 3.1 2.0 1.4 1.2 1.0 0.8 0.6 0.4 0.3 0.2 0.1 0.1 0.0 0.1 0.1 0.1 0.1 0.1 0.1 0.1 0.1 0.1 0.1 0.1 0.0 0.0 0.1 0.1 0.1 0.2 0.2 0.2 0.2 0.2 0.2 0.2 0.2 0.2 0.2 0.2 0.1 0.1 0.1 0.0 0.0 0.0 0.0

GGT->GGA
193.7 10.8 3.4 1.9 1.2 0.9 0.8 0.7 0.6 0.6 0.5 0.4 0.4 0.4 0.4 0.4 0.4 0.4 0.3 0.2 0.2 0.1 0.1 0.1 0.1 0.1 0.1 0.1 0.1 0.1 0.1 0.1 0.1 0.0 0.0 0.0 0.0 0.0 0.0 0.0 0.0 0.0 0.0 0.1 0.1 0.2 0.2 0.2 0.1 0.1

CCC->CCG
1350.5 82.6 21.2 10.7 7.0 5.2 4.3 3.9 3.7 3.6 3.5 3.2 2.9 2.6 2.2 1.9 1.7 1.5 1.4 1.4 1.3 1.3 1.2 1.2 1.1 1.0 0.9 0.8 0.8 0.7 0.7 0.6 0.6 0.5 0.4 0.4 0.3 0.3 0.3 0.3 0.3 0.3 0.4 0.3 0.3 0.2 0.1 0.1 0.0 0.0

CCG->CCC
495.5 28.5 8.0 4.9 3.6 2.8 2.2 1.9 1.7 1.6 1.5 1.5 1.5 1.5 1.4 1.3 1.2 1.0 0.9 0.8 0.8 0.7 0.6 0.6 0.5 0.4 0.4 0.3 0.2 0.1 0.1 0.1 0.1 0.1 0.2 0.3 0.3 0.4 0.4 0.4 0.3 0.3 0.2 0.2 0.2 0.2 0.2 0.1 0.1 0.0

GTC->GTG
549.3 31.0 8.6 4.7 3.4 2.8 2.4 2.1 1.8 1.6 1.4 1.2 1.1 1.0 0.9 0.9 0.8 0.7 0.6 0.5 0.4 0.3 0.3 0.2 0.2 0.2 0.2 0.2 0.3 0.3 0.3 0.4 0.3 0.3 0.3 0.2 0.2 0.1 0.1 0.0 0.0 0.0 0.0 0.0 0.0 0.0 0.0 0.0 0.0 0.2

GTG->GTC
599.9 37.5 9.6 4.7 3.0 2.1 1.6 1.4 1.3 1.3 1.2 1.0 0.9 0.7 0.6 0.5 0.4 0.3 0.3 0.3 0.2 0.2 0.2 0.2 0.2 0.1 0.1 0.1 0.1 0.1 0.1 0.1 0.1 0.1 0.1 0.1 0.1 0.1 0.0 0.0 0.0 0.0 0.0 0.0 0.0 0.0 0.0 0.0 0.0 0.0

CGA->CGC
133.3 8.9 3.5 1.9 1.0 0.6 0.4 0.3 0.3 0.2 0.2 0.2 0.1 0.1 0.1 0.0 0.0 0.0 0.0 0.0 0.0 0.1 0.1 0.1 0.1 0.1 0.1 0.1 0.1 0.1 0.0 0.0 0.0 0.0 0.0 0.0 0.0 0.0 0.0 0.0 0.0 0.0 0.0 0.0 0.0 0.0 0.0 0.0 0.0 0.0

CGC->CGA
375.4 23.8 6.8 3.6 2.5 1.9 1.6 1.5 1.3 1.2 1.0 0.9 0.7 0.7 0.7 0.7 0.7 0.7 0.7 0.6 0.6 0.5 0.4 0.3 0.3 0.2 0.2 0.2 0.2 0.2 0.2 0.2 0.2 0.2 0.1 0.1 0.1 0.1 0.1 0.0 0.0 0.0 0.0 0.0 0.0 0.0 0.0 0.0 0.0 0.0

CTC->CTG
1055.1 58.7 17.2 9.2 6.4 5.1 4.4 3.8 3.2 2.8 2.3 2.0 1.7 1.6 1.5 1.4 1.4 1.4 1.3 1.2 1.1 1.0 0.9 0.8 0.7 0.6 0.5 0.5 0.4 0.4 0.3 0.3 0.3 0.3 0.3 0.3 0.3 0.3 0.3 0.2 0.2 0.1 0.1 0.1 0.1 0.1 0.2 0.2 0.2 0.1

CTG->CTC
1227.3 67.6 20.2 10.6 6.5 4.5 3.6 3.2 3.0 2.9 2.8 2.6 2.4 2.2 1.9 1.7 1.5 1.4 1.3 1.2 1.1 1.0 0.9 0.8 0.8 0.7 0.7 0.6 0.6 0.6 0.6 0.6 0.6 0.5 0.5 0.5 0.5 0.4 0.4 0.3 0.2 0.2 0.1 0.1 0.0 0.0 0.0 0.0 0.0 0.0

ACC->ACG
1071.2 63.9 17.6 9.3 5.8 4.0 3.0 2.4 2.0 1.7 1.6 1.6 1.6 1.6 1.5 1.4 1.2 1.0 0.8 0.7 0.6 0.5 0.5 0.5 0.5 0.5 0.5 0.4 0.3 0.2 0.2 0.1 0.1 0.1 0.1 0.1 0.1 0.2 0.3 0.3 0.4 0.5 0.5 0.6 0.6 0.5 0.4 0.3 0.1 0.0

ACG->ACC
439.4 28.9 7.8 4.2 3.0 2.5 2.2 1.9 1.6 1.3 0.9 0.7 0.5 0.4 0.3 0.3 0.2 0.2 0.2 0.2 0.2 0.2 0.2 0.1 0.1 0.1 0.1 0.1 0.1 0.0 0.0 0.0 0.0 0.0 0.0 0.0 0.0 0.1 0.1 0.1 0.1 0.1 0.1 0.1 0.1 0.0 0.0 0.0 0.1 0.3

ACA->ACT
356.3 19.5 6.1 4.0 3.1 2.4 1.8 1.3 1.0 0.7 0.4 0.3 0.2 0.2 0.2 0.2 0.2 0.2 0.3 0.3 0.3 0.3 0.3 0.2 0.2 0.1 0.1 0.1 0.1 0.1 0.1 0.1 0.1 0.1 0.1 0.1 0.1 0.1 0.0 0.0 0.0 0.0 0.0 0.0 0.0 0.0 0.0 0.0 0.0 0.0

ACT->ACA
286.9 16.9 5.4 2.6 1.3 0.8 0.5 0.4 0.4 0.4 0.3 0.3 0.3 0.3 0.3 0.3 0.4 0.4 0.4 0.3 0.3 0.3 0.2 0.2 0.2 0.2 0.1 0.1 0.1 0.1 0.1 0.1 0.1 0.1 0.2 0.2 0.2 0.2 0.2 0.2 0.2 0.1 0.1 0.1 0.0 0.0 0.0 0.0 0.0 0.0

GCC->GCG
1087.7 62.2 16.4 7.7 4.7 3.5 3.0 2.7 2.5 2.3 2.0 1.7 1.5 1.2 1.1 1.0 0.9 0.9 1.0 1.0 1.0 1.0 1.0 0.9 0.9 0.8 0.7 0.6 0.5 0.4 0.3 0.3 0.2 0.1 0.1 0.1 0.1 0.2 0.2 0.3 0.3 0.4 0.3 0.3 0.3 0.2 0.1 0.1 0.0 0.0

GCG->GCC
460.9 33.4 10.6 5.9 3.7 2.5 1.8 1.4 1.3 1.1 1.0 0.9 0.8 0.7 0.6 0.5 0.4 0.4 0.4 0.4 0.5 0.5 0.6 0.7 0.7 0.8 0.8 0.7 0.6 0.5 0.4 0.3 0.3 0.2 0.2 0.2 0.1 0.1 0.1 0.0 0.0 0.0 0.0 0.0 0.0 0.0 0.0 0.0 0.0 0.0

TCA->TCC
517.0 31.4 10.1 5.4 3.3 2.3 1.8 1.6 1.5 1.4 1.4 1.3 1.1 1.0 0.8 0.7 0.6 0.5 0.4 0.4 0.3 0.3 0.3 0.3 0.2 0.2 0.2 0.1 0.1 0.1 0.1 0.1 0.1 0.1 0.1 0.1 0.1 0.1 0.0 0.0 0.0 0.1 0.1 0.1 0.2 0.2 0.1 0.1 0.0 0.0

TCC->TCA
629.7 34.0 8.3 4.4 3.0 2.2 1.7 1.4 1.1 1.0 0.9 0.8 0.7 0.7 0.6 0.6 0.5 0.5 0.4 0.4 0.3 0.3 0.3 0.2 0.2 0.2 0.1 0.1 0.1 0.1 0.1 0.1 0.1 0.1 0.1 0.1 0.1 0.1 0.1 0.1 0.0 0.0 0.0 0.0 0.0 0.0 0.0 0.0 0.0 0.0

ACG->ACT
547.0 30.3 7.1 3.4 2.3 1.8 1.7 1.5 1.4 1.3 1.1 1.0 0.8 0.7 0.7 0.7 0.7 0.8 0.8 0.8 0.8 0.8 0.7 0.6 0.5 0.4 0.3 0.3 0.2 0.2 0.2 0.2 0.2 0.2 0.1 0.1 0.1 0.1 0.0 0.0 0.0 0.0 0.0 0.0 0.0 0.0 0.0 0.0 0.0 0.0

ACT->ACG
461.0 28.6 8.9 4.8 3.2 2.5 2.2 2.0 1.8 1.7 1.6 1.4 1.3 1.1 1.0 0.9 0.8 0.7 0.6 0.6 0.5 0.5 0.4 0.4 0.4 0.4 0.3 0.3 0.3 0.3 0.2 0.2 0.1 0.1 0.0 0.0 0.0 0.0 0.0 0.0 0.0 0.0 0.0 0.0 0.0 0.0 0.0 0.0 0.0 0.0

CGC->CGG
296.8 17.9 3.9 1.7 1.2 0.9 0.8 0.6 0.5 0.5 0.5 0.5 0.5 0.5 0.5 0.5 0.5 0.5 0.5 0.4 0.4 0.4 0.3 0.3 0.3 0.2 0.2 0.1 0.1 0.1 0.0 0.0 0.0 0.0 0.0 0.0 0.0 0.0 0.0 0.0 0.0 0.0 0.0 0.0 0.0 0.0 0.0 0.0 0.0 0.0

CGG->CGC
415.7 28.3 9.0 5.0 3.4 2.6 2.1 1.7 1.5 1.2 1.1 0.9 0.7 0.6 0.4 0.3 0.3 0.2 0.2 0.2 0.2 0.2 0.2 0.2 0.2 0.2 0.1 0.1 0.1 0.1 0.0 0.0 0.0 0.0 0.0 0.0 0.0 0.0 0.0 0.0 0.0 0.0 0.0 0.0 0.0 0.0 0.0 0.0 0.0 0.0

CCG->CCT
1037.0 65.2 19.2 9.7 6.2 4.5 3.4 2.7 2.2 1.9 1.8 1.8 1.8 1.8 1.7 1.6 1.5 1.3 1.1 1.0 0.9 0.7 0.7 0.6 0.5 0.5 0.4 0.4 0.4 0.5 0.5 0.5 0.6 0.6 0.6 0.5 0.5 0.4 0.3 0.2 0.1 0.1 0.1 0.2 0.2 0.2 0.1 0.1 0.0 0.0

CCT->CCG
633.4 32.2 9.1 5.7 4.2 3.2 2.5 1.9 1.6 1.3 1.1 1.0 0.8 0.7 0.6 0.5 0.4 0.3 0.3 0.2 0.2 0.2 0.2 0.2 0.2 0.2 0.2 0.2 0.1 0.1 0.2 0.2 0.2 0.2 0.3 0.3 0.3 0.3 0.3 0.3 0.2 0.1 0.1 0.1 0.0 0.0 0.0 0.0 0.0 0.0

GCA->GCT
326.1 18.9 5.3 3.2 2.3 1.8 1.4 1.1 0.9 0.7 0.6 0.5 0.4 0.3 0.2 0.2 0.2 0.2 0.2 0.2 0.2 0.2 0.2 0.2 0.2 0.2 0.2 0.1 0.1 0.1 0.2 0.2 0.2 0.2 0.2 0.2 0.2 0.2 0.1 0.1 0.1 0.1 0.1 0.1 0.1 0.2 0.2 0.2 0.1 0.0

GCT->GCA
297.0 12.7 2.6 1.2 0.7 0.4 0.2 0.1 0.0 0.0 0.0 0.0 0.0 0.1 0.1 0.2 0.2 0.3 0.4 0.4 0.5 0.5 0.4 0.4 0.3 0.3 0.2 0.2 0.2 0.2 0.2 0.1 0.1 0.1 0.1 0.1 0.1 0.1 0.1 0.0 0.0 0.0 0.0 0.0 0.0 0.0 0.0 0.0 0.0 0.0

TCC->TCG
736.4 41.1 12.3 7.0 4.7 3.5 2.7 2.2 1.8 1.5 1.3 1.2 1.0 0.8 0.7 0.5 0.5 0.4 0.4 0.5 0.5 0.5 0.6 0.6 0.5 0.5 0.4 0.3 0.3 0.2 0.2 0.2 0.1 0.1 0.1 0.1 0.1 0.1 0.0 0.0 0.0 0.0 0.0 0.0 0.0 0.0 0.0 0.0 0.0 0.0

TCG->TCC
649.5 38.7 11.0 6.7 4.9 3.6 2.8 2.2 1.8 1.5 1.2 1.0 0.8 0.7 0.6 0.6 0.6 0.7 0.7 0.7 0.7 0.6 0.6 0.6 0.5 0.5 0.4 0.4 0.3 0.3 0.3 0.2 0.2 0.2 0.2 0.2 0.1 0.1 0.1 0.1 0.0 0.0 0.0 0.0 0.0 0.0 0.0 0.0 0.0 0.0

CCA->CCT
350.7 19.1 5.2 2.7 1.9 1.5 1.3 1.0 0.8 0.6 0.5 0.4 0.3 0.3 0.3 0.3 0.4 0.4 0.4 0.4 0.4 0.4 0.3 0.3 0.3 0.3 0.3 0.3 0.3 0.3 0.3 0.2 0.2 0.2 0.2 0.1 0.1 0.1 0.0 0.0 0.0 0.0 0.0 0.0 0.0 0.0 0.0 0.0 0.0 0.0

CCT->CCA
341.6 18.2 4.6 2.0 1.0 0.5 0.3 0.3 0.4 0.5 0.6 0.6 0.7 0.6 0.6 0.5 0.4 0.3 0.2 0.1 0.1 0.0 0.0 0.1 0.1 0.1 0.1 0.1 0.1 0.1 0.1 0.1 0.1 0.0 0.0 0.0 0.0 0.0 0.0 0.0 0.0 0.0 0.0 0.0 0.0 0.1 0.2 0.2 0.2 0.1

GGC->GGG
656.6 40.7 12.1 6.4 4.1 2.8 1.9 1.3 0.9 0.5 0.3 0.2 0.2 0.2 0.2 0.2 0.3 0.3 0.4 0.4 0.4 0.4 0.3 0.3 0.3 0.3 0.3 0.3 0.3 0.3 0.3 0.3 0.4 0.4 0.4 0.4 0.4 0.4 0.3 0.2 0.1 0.1 0.0 0.0 0.0 0.0 0.0 0.0 0.1 0.4

GGG->GGC
730.4 40.4 11.9 6.3 4.0 2.8 2.1 1.8 1.6 1.5 1.4 1.4 1.4 1.4 1.4 1.5 1.6 1.6 1.5 1.4 1.2 1.0 0.8 0.6 0.5 0.3 0.2 0.1 0.1 0.1 0.0 0.0 0.0 0.0 0.1 0.1 0.1 0.1 0.1 0.1 0.1 0.1 0.1 0.0 0.0 0.0 0.0 0.0 0.0 0.0

CTA->TTA
1305.3 76.5 22.4 12.1 8.3 6.3 5.1 4.2 3.5 3.0 2.8 2.7 2.6 2.5 2.4 2.2 2.0 1.7 1.4 1.2 1.0 0.8 0.7 0.6 0.5 0.5 0.4 0.4 0.4 0.4 0.3 0.3 0.2 0.2 0.2 0.2 0.2 0.2 0.2 0.2 0.2 0.2 0.2 0.1 0.1 0.0 0.0 0.0 0.0 0.0

TTA->CTA
440.9 27.0 7.8 3.5 1.8 1.0 0.7 0.6 0.6 0.6 0.6 0.5 0.4 0.4 0.3 0.2 0.2 0.2 0.2 0.2 0.3 0.4 0.4 0.4 0.5 0.5 0.4 0.4 0.4 0.3 0.3 0.3 0.3 0.3 0.3 0.3 0.2 0.2 0.2 0.2 0.2 0.2 0.2 0.1 0.1 0.1 0.0 0.0 0.0 0.0

GCG->GCT
589.3 33.8 8.7 4.6 3.1 2.4 2.0 1.8 1.8 1.7 1.7 1.7 1.6 1.5 1.3 1.2 1.1 1.0 0.9 0.9 0.8 0.8 0.7 0.6 0.6 0.5 0.4 0.4 0.3 0.3 0.2 0.2 0.2 0.2 0.1 0.1 0.1 0.1 0.0 0.0 0.0 0.0 0.0 0.0 0.0 0.0 0.0 0.0 0.0 0.0

GCT->GCG
383.8 19.0 4.1 2.2 1.8 1.7 1.6 1.5 1.4 1.3 1.1 1.0 0.9 0.7 0.6 0.5 0.4 0.4 0.4 0.4 0.4 0.4 0.4 0.4 0.3 0.3 0.3 0.3 0.4 0.4 0.3 0.3 0.3 0.2 0.2 0.1 0.1 0.0 0.0 0.0 0.0 0.0 0.0 0.0 0.0 0.0 0.0 0.0 0.0 0.0

AGG->CGG
669.7 38.6 11.7 6.7 4.6 3.3 2.5 2.0 1.8 1.6 1.5 1.3 1.2 1.0 0.9 0.8 0.7 0.6 0.5 0.4 0.4 0.4 0.4 0.3 0.3 0.3 0.3 0.3 0.3 0.2 0.2 0.1 0.1 0.1 0.0 0.0 0.0 0.0 0.0 0.0 0.0 0.0 0.0 0.0 0.0 0.0 0.0 0.0 0.0 0.0

CGG->AGG
1160.1 69.6 18.9 9.6 6.2 4.5 3.7 3.1 2.7 2.3 2.0 1.8 1.7 1.5 1.4 1.3 1.2 1.1 1.1 1.0 0.9 0.9 0.9 0.8 0.8 0.7 0.7 0.6 0.5 0.4 0.3 0.3 0.2 0.2 0.2 0.3 0.3 0.3 0.3 0.3 0.3 0.3 0.3 0.3 0.3 0.3 0.2 0.1 0.0 0.0

AGA->CGA
647.1 32.6 9.4 5.0 3.1 2.3 2.0 1.9 1.8 1.6 1.4 1.2 0.9 0.7 0.5 0.4 0.3 0.3 0.3 0.3 0.3 0.3 0.4 0.4 0.3 0.3 0.3 0.3 0.3 0.3 0.2 0.2 0.1 0.1 0.1 0.0 0.0 0.0 0.0 0.0 0.0 0.0 0.0 0.0 0.0 0.0 0.0 0.0 0.0 0.0

CGA->AGA
796.0 49.1 12.9 6.9 4.5 3.1 2.1 1.5 1.2 1.0 0.9 0.9 0.9 0.9 0.9 0.9 0.9 0.9 0.9 0.9 0.8 0.7 0.6 0.5 0.4 0.3 0.2 0.1 0.1 0.0 0.0 0.0 0.1 0.1 0.1 0.1 0.1 0.1 0.1 0.1 0.1 0.0 0.0 0.0 0.0 0.0 0.0 0.0 0.0 0.0

CGG->CGT
473.3 25.5 6.5 3.4 2.3 1.5 1.0 0.7 0.4 0.3 0.2 0.2 0.2 0.1 0.1 0.1 0.1 0.0 0.0 0.0 0.0 0.0 0.0 0.0 0.0 0.0 0.0 0.0 0.0 0.0 0.1 0.1 0.1 0.2 0.2 0.2 0.2 0.2 0.2 0.1 0.1 0.1 0.0 0.0 0.0 0.0 0.0 0.0 0.0 0.0

CGT->CGG
73.9 4.5 1.0 0.4 0.1 0.1 0.0 0.1 0.1 0.1 0.1 0.1 0.1 0.1 0.1 0.0 0.0 0.0 0.0 0.0 0.0 0.0 0.0 0.0 0.0 0.0 0.0 0.0 0.0 0.0 0.0 0.0 0.0 0.0 0.0 0.0 0.0 0.0 0.0 0.0 0.0 0.0 0.0 0.0 0.0 0.0 0.0 0.0 0.0 0.0

CGA->CGT
91.7 4.9 1.3 0.8 0.7 0.6 0.4 0.3 0.2 0.1 0.1 0.1 0.1 0.2 0.2 0.3 0.3 0.3 0.4 0.4 0.3 0.3 0.3 0.2 0.2 0.1 0.1 0.0 0.0 0.0 0.0 0.0 0.0 0.0 0.0 0.0 0.0 0.0 0.0 0.0 0.0 0.0 0.0 0.0 0.0 0.0 0.0 0.0 0.0 0.0

CGT->CGA
77.7 3.7 0.5 0.1 0.0 0.0 0.1 0.1 0.2 0.3 0.4 0.5 0.5 0.5 0.5 0.4 0.4 0.3 0.2 0.2 0.1 0.1 0.1 0.0 0.0 0.0 0.0 0.0 0.0 0.0 0.0 0.0 0.0 0.0 0.0 0.0 0.0 0.0 0.0 0.0 0.0 0.0 0.0 0.0 0.0 0.0 0.0 0.0 0.0 0.0

GTA->GTT
137.0 5.9 1.0 0.5 0.4 0.3 0.3 0.2 0.2 0.2 0.2 0.2 0.2 0.2 0.2 0.2 0.2 0.2 0.2 0.2 0.1 0.1 0.1 0.1 0.1 0.1 0.1 0.1 0.1 0.1 0.1 0.0 0.0 0.0 0.0 0.0 0.0 0.0 0.0 0.0 0.0 0.0 0.0 0.0 0.0 0.0 0.0 0.0 0.0 0.0

GTT->GTA
137.3 6.2 1.7 1.0 0.7 0.5 0.4 0.4 0.3 0.3 0.2 0.2 0.2 0.2 0.2 0.2 0.2 0.2 0.2 0.2 0.2 0.2 0.2 0.1 0.1 0.1 0.1 0.0 0.0 0.0 0.0 0.0 0.0 0.0 0.0 0.0 0.0 0.0 0.0 0.0 0.0 0.0 0.0 0.0 0.0 0.0 0.0 0.0 0.0 0.0

GTA->GTC
117.8 7.4 2.4 1.6 1.2 0.9 0.7 0.6 0.4 0.3 0.3 0.2 0.2 0.2 0.2 0.1 0.1 0.1 0.1 0.1 0.0 0.0 0.0 0.0 0.0 0.1 0.1 0.1 0.1 0.1 0.1 0.1 0.1 0.1 0.0 0.0 0.0 0.0 0.0 0.0 0.0 0.0 0.0 0.0 0.0 0.0 0.0 0.0 0.0 0.0

GTC->GTA
436.1 22.4 6.4 3.2 1.9 1.3 1.0 0.9 0.9 0.9 1.0 1.0 0.9 0.8 0.7 0.7 0.6 0.6 0.5 0.5 0.5 0.5 0.4 0.4 0.3 0.3 0.2 0.2 0.2 0.2 0.1 0.1 0.1 0.1 0.1 0.1 0.0 0.0 0.0 0.0 0.0 0.0 0.0 0.0 0.0 0.0 0.0 0.0 0.0 0.0

TCG->TCT
750.4 41.8 12.5 6.8 4.5 3.4 2.7 2.1 1.6 1.2 1.0 0.8 0.7 0.7 0.7 0.8 0.8 0.8 0.8 0.8 0.8 0.7 0.6 0.5 0.5 0.4 0.4 0.4 0.4 0.4 0.4 0.4 0.4 0.4 0.4 0.3 0.2 0.2 0.1 0.1 0.0 0.0 0.0 0.0 0.0 0.0 0.0 0.0 0.0 0.0

TCT->TCG
633.5 34.2 10.0 4.8 2.7 1.7 1.4 1.3 1.3 1.4 1.4 1.4 1.4 1.3 1.2 1.1 1.0 0.8 0.7 0.5 0.4 0.3 0.3 0.2 0.2 0.2 0.2 0.2 0.2 0.2 0.1 0.1 0.1 0.0 0.0 0.0 0.0 0.0 0.0 0.1 0.1 0.1 0.2 0.2 0.1 0.1 0.1 0.2 0.3 0.3

CTA->CTT
103.8 6.0 1.7 0.9 0.5 0.3 0.3 0.2 0.2 0.2 0.2 0.2 0.2 0.2 0.2 0.2 0.2 0.2 0.1 0.1 0.1 0.1 0.1 0.1 0.1 0.1 0.1 0.1 0.1 0.1 0.1 0.0 0.0 0.0 0.0 0.0 0.0 0.0 0.0 0.0 0.0 0.0 0.0 0.0 0.0 0.0 0.0 0.0 0.0 0.0

CTT->CTA
158.2 7.6 1.8 0.8 0.4 0.3 0.3 0.3 0.3 0.3 0.3 0.3 0.3 0.3 0.2 0.2 0.2 0.1 0.1 0.1 0.1 0.1 0.1 0.1 0.1 0.0 0.1 0.1 0.1 0.1 0.1 0.1 0.1 0.1 0.1 0.1 0.0 0.0 0.0 0.0 0.0 0.0 0.0 0.0 0.0 0.0 0.0 0.0 0.0 0.0

GGG->GGT
981.1 52.8 14.1 7.9 5.6 4.2 3.2 2.6 2.2 2.0 1.8 1.6 1.4 1.2 1.1 0.9 0.8 0.7 0.6 0.6 0.6 0.5 0.5 0.4 0.4 0.3 0.3 0.3 0.3 0.3 0.3 0.3 0.3 0.2 0.2 0.2 0.2 0.2 0.2 0.1 0.1 0.1 0.1 0.0 0.0 0.0 0.0 0.0 0.0 0.0

GGT->GGG
227.1 20.4 6.6 4.3 3.5 2.8 2.1 1.5 1.2 0.9 0.8 0.6 0.5 0.5 0.4 0.4 0.3 0.3 0.3 0.2 0.2 0.2 0.2 0.1 0.1 0.1 0.1 0.1 0.1 0.1 0.1 0.1 0.1 0.1 0.1 0.1 0.1 0.1 0.1 0.0 0.0 0.0 0.0 0.0 0.0 0.0 0.0 0.0 0.0 0.0

CTA->CTC
171.6 8.6 2.3 1.2 0.8 0.6 0.5 0.4 0.4 0.4 0.4 0.4 0.4 0.4 0.4 0.3 0.3 0.3 0.4 0.4 0.4 0.4 0.4 0.3 0.3 0.2 0.2 0.1 0.1 0.0 0.0 0.0 0.0 0.0 0.0 0.0 0.0 0.0 0.0 0.0 0.0 0.0 0.0 0.0 0.0 0.0 0.0 0.0 0.0 0.0

CTC->CTA
468.9 25.7 5.9 2.5 1.4 1.1 1.0 1.0 1.0 1.0 0.9 0.8 0.7 0.6 0.6 0.6 0.5 0.5 0.5 0.5 0.5 0.4 0.4 0.4 0.5 0.5 0.5 0.5 0.5 0.4 0.4 0.3 0.3 0.2 0.1 0.1 0.1 0.0 0.0 0.0 0.0 0.0 0.0 0.0 0.0 0.0 0.0 0.0 0.0 0.0

TCA->TCT
407.6 19.9 3.3 1.2 0.8 0.7 0.7 0.7 0.7 0.6 0.6 0.6 0.5 0.5 0.4 0.3 0.3 0.2 0.2 0.1 0.1 0.1 0.1 0.1 0.1 0.1 0.1 0.1 0.2 0.2 0.3 0.3 0.4 0.4 0.4 0.4 0.4 0.3 0.2 0.2 0.1 0.1 0.0 0.0 0.0 0.0 0.0 0.0 0.0 0.0

TCT->TCA
290.5 17.5 5.0 2.4 1.4 0.8 0.6 0.4 0.3 0.3 0.2 0.2 0.2 0.2 0.2 0.2 0.2 0.2 0.1 0.1 0.1 0.1 0.1 0.1 0.2 0.2 0.2 0.2 0.2 0.2 0.2 0.2 0.2 0.2 0.2 0.2 0.1 0.1 0.1 0.1 0.0 0.0 0.0 0.0 0.0 0.0 0.0 0.0 0.0 0.0

