gtT/gtG
intergenic_variant
223.2 11.6 3.7 1.6 0.6 0.3 0.2 0.2 0.2 0.2 0.2 0.2 0.2 0.2 0.2 0.2 0.3 0.3 0.4 0.4 0.4 0.4 0.3 0.2 0.1 0.1 0.0 0.0 0.0 0.0

gtT/gtG
synonymous_variant
217.4 9.4 3.2 2.1 1.8 1.6 1.4 1.1 0.9 0.8 0.8 0.8 0.8 0.8 0.7 0.6 0.5 0.4 0.3 0.2 0.1 0.1 0.0 0.0 0.0 0.0 0.0 0.0 0.0 0.0

ctT/ctG
intergenic_variant
326.0 19.5 7.2 4.6 3.4 2.5 1.8 1.4 1.1 1.0 1.0 1.0 1.0 0.9 0.9 0.9 0.8 0.8 0.7 0.7 0.6 0.5 0.4 0.4 0.3 0.3 0.3 0.3 0.3 0.3

ctT/ctG
synonymous_variant
351.4 16.5 4.1 1.6 0.8 0.5 0.4 0.4 0.4 0.4 0.4 0.4 0.4 0.4 0.4 0.4 0.4 0.4 0.4 0.3 0.3 0.2 0.1 0.1 0.0 0.0 0.0 0.0 0.0 0.0

ggT/ggG
intergenic_variant
181.7 9.9 3.2 1.8 1.2 0.9 0.6 0.5 0.4 0.3 0.2 0.1 0.1 0.0 0.0 0.0 0.0 0.0 0.0 0.0 0.0 0.0 0.0 0.0 0.0 0.0 0.0 0.0 0.0 0.0

ggT/ggG
synonymous_variant
172.9 11.2 4.5 3.2 2.4 1.8 1.3 0.9 0.6 0.4 0.3 0.2 0.1 0.1 0.0 0.0 0.0 0.1 0.1 0.1 0.2 0.2 0.1 0.1 0.1 0.0 0.0 0.0 0.0 0.0

Aga/Cga
intergenic_variant
243.9 12.1 3.3 1.9 1.4 1.1 0.9 0.8 0.8 0.9 0.9 0.9 0.8 0.7 0.6 0.5 0.4 0.3 0.3 0.2 0.1 0.1 0.0 0.0 0.0 0.0 0.0 0.0 0.0 0.0

Aga/Cga
synonymous_variant
258.6 9.0 2.0 0.9 0.6 0.4 0.3 0.2 0.2 0.2 0.2 0.1 0.1 0.1 0.0 0.0 0.0 0.0 0.0 0.0 0.0 0.0 0.0 0.0 0.0 0.0 0.0 0.0 0.0 0.0

Agg/Cgg
intergenic_variant
241.8 11.7 3.7 2.3 1.7 1.3 1.1 0.9 0.8 0.7 0.6 0.5 0.3 0.2 0.1 0.1 0.0 0.0 0.0 0.1 0.1 0.1 0.2 0.2 0.1 0.1 0.1 0.0 0.0 0.0

Agg/Cgg
synonymous_variant
253.7 8.3 1.7 1.0 0.8 0.7 0.6 0.5 0.3 0.2 0.2 0.1 0.1 0.2 0.1 0.1 0.1 0.1 0.0 0.0 0.0 0.0 0.0 0.0 0.0 0.0 0.0 0.0 0.0 0.0

gcT/gcG
intergenic_variant
310.0 16.3 4.4 2.1 1.4 1.1 1.1 1.1 1.1 1.2 1.2 1.1 1.0 0.8 0.7 0.5 0.4 0.4 0.3 0.3 0.4 0.4 0.4 0.4 0.3 0.3 0.2 0.2 0.1 0.0

gcT/gcG
synonymous_variant
316.0 11.5 3.7 2.5 2.0 1.6 1.4 1.2 1.0 0.9 0.8 0.7 0.7 0.7 0.6 0.6 0.6 0.5 0.5 0.5 0.4 0.3 0.2 0.1 0.0 0.0 0.0 0.0 0.0 0.0

ccT/ccG
intergenic_variant
414.4 22.3 6.6 4.0 2.9 2.3 1.8 1.4 1.1 0.9 0.8 0.7 0.6 0.6 0.6 0.5 0.5 0.4 0.4 0.3 0.3 0.2 0.2 0.1 0.1 0.0 0.0 0.0 0.0 0.0

ccT/ccG
synonymous_variant
423.9 19.7 5.9 3.4 2.5 2.0 1.6 1.2 0.8 0.5 0.3 0.2 0.2 0.2 0.2 0.3 0.3 0.3 0.2 0.2 0.1 0.1 0.0 0.0 0.0 0.0 0.0 0.0 0.0 0.0

acT/acG
intergenic_variant
426.9 22.0 7.4 4.6 3.5 2.7 2.1 1.7 1.4 1.2 1.2 1.2 1.1 1.1 1.1 0.9 0.8 0.7 0.6 0.5 0.4 0.4 0.3 0.3 0.3 0.3 0.3 0.3 0.3 0.2

acT/acG
synonymous_variant
450.8 18.5 4.9 2.6 1.7 1.2 1.0 0.8 0.6 0.5 0.5 0.4 0.4 0.4 0.4 0.4 0.3 0.3 0.2 0.1 0.1 0.0 0.0 0.0 0.0 0.0 0.0 0.0 0.0 0.0

tcT/tcG
intergenic_variant
340.8 21.3 6.7 3.5 2.3 1.8 1.5 1.4 1.4 1.3 1.1 0.9 0.7 0.5 0.3 0.2 0.1 0.0 0.0 0.0 0.0 0.0 0.0 0.1 0.1 0.2 0.2 0.2 0.1 0.1

tcT/tcG
synonymous_variant
353.3 13.2 3.3 2.0 1.9 1.9 1.9 1.6 1.3 0.9 0.6 0.5 0.4 0.3 0.3 0.3 0.3 0.3 0.2 0.2 0.1 0.1 0.1 0.1 0.2 0.2 0.2 0.2 0.3 0.4

ccA/ccC
intergenic_variant
456.9 28.0 8.1 3.8 2.5 2.0 1.8 1.6 1.5 1.3 1.1 0.9 0.7 0.5 0.3 0.3 0.2 0.2 0.3 0.3 0.2 0.2 0.2 0.1 0.1 0.1 0.1 0.2 0.3 0.3

ccA/ccC
synonymous_variant
459.6 24.7 7.4 4.1 2.8 2.4 2.1 1.9 1.6 1.4 1.1 0.9 0.7 0.5 0.5 0.4 0.3 0.2 0.2 0.1 0.1 0.1 0.1 0.2 0.2 0.2 0.1 0.1 0.0 0.0

gcA/gcC
intergenic_variant
499.1 27.7 8.8 4.8 3.1 2.5 2.2 2.1 2.0 1.9 1.7 1.6 1.5 1.4 1.3 1.1 1.0 0.8 0.6 0.6 0.5 0.5 0.5 0.5 0.4 0.4 0.3 0.2 0.1 0.0

gcA/gcC
synonymous_variant
511.4 23.3 7.8 5.0 3.8 3.0 2.3 1.8 1.3 1.0 0.8 0.6 0.6 0.5 0.5 0.5 0.5 0.4 0.4 0.3 0.3 0.3 0.3 0.3 0.3 0.3 0.3 0.3 0.3 0.2

tcA/tcC
intergenic_variant
369.4 20.4 5.9 3.3 2.6 2.2 1.8 1.5 1.2 1.1 0.9 0.8 0.6 0.5 0.3 0.2 0.1 0.1 0.0 0.0 0.0 0.0 0.0 0.0 0.0 0.0 0.0 0.0 0.0 0.0

tcA/tcC
synonymous_variant
380.8 17.8 5.4 2.8 1.7 1.0 0.7 0.4 0.3 0.2 0.2 0.2 0.2 0.3 0.3 0.3 0.2 0.2 0.1 0.1 0.0 0.0 0.0 0.0 0.0 0.0 0.0 0.0 0.0 0.0

acA/acC
intergenic_variant
442.8 31.3 10.5 5.5 3.4 2.3 1.6 1.3 1.2 1.3 1.3 1.3 1.3 1.3 1.2 1.2 1.1 1.0 1.0 0.9 0.9 0.8 0.7 0.6 0.5 0.3 0.2 0.1 0.1 0.0

acA/acC
synonymous_variant
468.1 21.5 6.7 3.9 2.8 2.0 1.4 1.1 0.9 0.7 0.7 0.6 0.6 0.5 0.5 0.5 0.4 0.4 0.5 0.5 0.5 0.5 0.4 0.4 0.3 0.3 0.2 0.1 0.1 0.0

cgT/cgG
intergenic_variant
59.5 3.0 0.7 0.5 0.7 0.9 0.8 0.7 0.5 0.3 0.2 0.1 0.0 0.0 0.0 0.0 0.0 0.0 0.0 0.0 0.0 0.0 0.0 0.0 0.0 0.0 0.0 0.0 0.0 0.0

cgT/cgG
synonymous_variant
64.9 1.9 0.2 0.1 0.1 0.2 0.2 0.2 0.1 0.1 0.1 0.0 0.0 0.0 0.0 0.0 0.0 0.0 0.0 0.0 0.0 0.0 0.0 0.0 0.0 0.0 0.0 0.0 0.0 0.0

ggA/ggC
intergenic_variant
312.4 18.6 6.9 3.8 2.2 1.5 1.1 0.8 0.6 0.6 0.5 0.6 0.6 0.7 0.8 0.8 0.7 0.6 0.5 0.4 0.3 0.3 0.2 0.2 0.1 0.1 0.1 0.0 0.0 0.0

ggA/ggC
synonymous_variant
322.8 12.8 3.5 2.0 1.5 1.3 1.2 1.2 1.1 1.0 0.9 0.8 0.7 0.6 0.5 0.4 0.3 0.3 0.3 0.3 0.3 0.3 0.3 0.2 0.2 0.1 0.1 0.1 0.3 0.3

cgA/cgC
intergenic_variant
125.4 9.9 4.3 2.5 1.7 1.2 0.9 0.6 0.5 0.4 0.3 0.3 0.3 0.2 0.2 0.1 0.1 0.1 0.1 0.1 0.2 0.2 0.3 0.3 0.3 0.2 0.1 0.1 0.0 0.0

cgA/cgC
synonymous_variant
135.7 6.2 2.0 0.9 0.6 0.5 0.5 0.4 0.4 0.4 0.4 0.4 0.4 0.4 0.4 0.4 0.3 0.2 0.2 0.1 0.1 0.0 0.0 0.0 0.0 0.0 0.0 0.0 0.0 0.0

gtA/gtC
intergenic_variant
118.4 7.0 3.1 2.1 1.5 1.0 0.7 0.6 0.5 0.4 0.3 0.2 0.1 0.1 0.1 0.1 0.1 0.1 0.2 0.2 0.2 0.2 0.2 0.2 0.2 0.2 0.1 0.1 0.0 0.0

gtA/gtC
synonymous_variant
118.8 7.2 3.7 2.5 1.6 1.0 0.7 0.6 0.5 0.4 0.3 0.3 0.2 0.1 0.1 0.0 0.0 0.0 0.0 0.0 0.0 0.0 0.0 0.0 0.0 0.0 0.0 0.0 0.0 0.0

atA/atC
intergenic_variant
109.5 8.9 2.6 1.1 0.7 0.6 0.6 0.6 0.6 0.6 0.6 0.5 0.4 0.3 0.2 0.1 0.0 0.0 0.0 0.0 0.0 0.0 0.0 0.0 0.0 0.0 0.0 0.0 0.0 0.0

atA/atC
synonymous_variant
114.2 6.2 2.3 1.3 0.7 0.5 0.4 0.4 0.3 0.3 0.2 0.1 0.1 0.0 0.0 0.0 0.0 0.0 0.0 0.0 0.1 0.1 0.2 0.2 0.2 0.1 0.1 0.0 0.0 0.0

ctA/ctC
intergenic_variant
170.3 11.3 4.1 2.5 2.0 1.8 1.6 1.4 1.2 1.1 1.0 0.8 0.7 0.5 0.4 0.3 0.2 0.2 0.2 0.1 0.1 0.1 0.0 0.0 0.0 0.0 0.0 0.0 0.0 0.0

ctA/ctC
synonymous_variant
179.4 8.7 2.9 1.7 1.4 1.2 1.0 0.9 0.8 0.7 0.6 0.6 0.5 0.5 0.4 0.3 0.2 0.1 0.1 0.0 0.0 0.0 0.0 0.0 0.0 0.0 0.0 0.0 0.0 0.0

gtT/gtC
intergenic_variant
418.4 24.8 8.0 4.8 3.4 2.4 1.8 1.4 1.2 1.1 0.9 0.8 0.8 0.7 0.7 0.7 0.7 0.6 0.5 0.4 0.3 0.2 0.1 0.1 0.2 0.2 0.2 0.1 0.1 0.0

gtT/gtC
synonymous_variant
424.8 18.5 5.7 3.6 2.8 2.3 1.9 1.5 1.2 1.0 0.9 0.9 1.0 1.1 1.2 1.2 1.2 1.2 1.0 0.8 0.6 0.4 0.3 0.2 0.2 0.1 0.1 0.0 0.0 0.0

caA/caG
intergenic_variant
2529.1 130.7 40.9 24.0 17.8 14.7 12.7 11.1 9.7 8.5 7.4 6.4 5.5 4.7 3.9 3.3 2.7 2.2 1.9 1.6 1.3 1.1 0.9 0.7 0.6 0.5 0.6 0.7 0.9 1.0

caA/caG
synonymous_variant
2570.1 121.9 36.5 19.1 12.7 10.1 9.0 8.2 7.4 6.5 5.6 4.9 4.3 3.8 3.4 3.0 2.8 2.6 2.5 2.3 2.0 1.7 1.4 1.2 1.0 0.9 0.9 0.8 0.7 0.6

aaA/aaG
intergenic_variant
1770.6 97.8 30.5 17.8 13.0 10.0 7.9 6.4 5.4 4.8 4.5 4.2 4.1 3.9 3.7 3.6 3.4 3.2 2.9 2.6 2.3 2.0 1.7 1.4 1.1 0.9 0.7 0.6 0.5 0.5

aaA/aaG
synonymous_variant
1845.6 79.2 22.5 12.4 8.8 7.1 6.1 5.2 4.4 3.7 3.0 2.4 1.9 1.5 1.2 1.0 0.8 0.8 0.7 0.7 0.6 0.6 0.5 0.5 0.5 0.4 0.4 0.3 0.1 0.0

gaA/gaG
intergenic_variant
2082.1 113.4 35.5 20.7 15.3 12.6 10.8 9.5 8.4 7.5 6.8 6.2 5.4 4.7 3.9 3.1 2.4 1.9 1.5 1.3 1.1 0.9 0.8 0.7 0.6 0.6 0.5 0.4 0.3 0.1

gaA/gaG
synonymous_variant
2167.8 93.9 27.1 14.6 9.4 6.8 5.5 4.7 4.1 3.5 3.0 2.6 2.3 2.1 1.9 1.7 1.5 1.2 0.9 0.7 0.6 0.5 0.5 0.5 0.5 0.4 0.3 0.2 0.1 0.0

ttT/ttC
intergenic_variant
1198.1 70.7 24.5 13.8 9.5 7.5 6.4 5.6 4.9 4.3 3.7 3.2 2.8 2.5 2.3 2.1 2.0 1.8 1.6 1.4 1.2 1.0 1.0 1.1 1.2 1.4 1.5 1.3 1.0 0.5

ttT/ttC
synonymous_variant
1260.3 49.6 13.8 7.6 5.6 5.0 4.8 4.5 4.0 3.4 2.7 2.2 1.9 1.7 1.6 1.5 1.5 1.3 1.1 0.8 0.6 0.4 0.4 0.4 0.4 0.4 0.3 0.3 0.4 0.7

Tta/Cta
intergenic_variant
361.7 22.2 7.1 3.5 2.1 1.4 1.0 0.9 0.8 0.8 0.8 0.8 0.8 0.7 0.6 0.5 0.4 0.4 0.4 0.4 0.4 0.5 0.5 0.6 0.5 0.4 0.3 0.2 0.1 0.0

Tta/Cta
synonymous_variant
379.0 15.9 4.1 1.9 1.2 1.0 0.9 0.8 0.7 0.6 0.5 0.4 0.4 0.4 0.4 0.5 0.4 0.4 0.4 0.3 0.3 0.2 0.1 0.1 0.1 0.0 0.0 0.0 0.0 0.0

ctT/ctC
intergenic_variant
636.2 38.4 12.1 7.4 5.9 4.9 4.2 3.7 3.3 2.9 2.6 2.3 2.0 1.7 1.5 1.3 1.2 1.1 0.9 0.8 0.6 0.5 0.4 0.4 0.4 0.4 0.4 0.4 0.4 0.3

ctT/ctC
synonymous_variant
677.6 27.4 7.4 4.2 3.2 2.9 2.8 2.6 2.2 1.8 1.3 1.0 0.8 0.7 0.6 0.6 0.5 0.5 0.4 0.3 0.2 0.1 0.1 0.0 0.0 0.0 0.0 0.0 0.0 0.0

Ttg/Ctg
intergenic_variant
1623.0 88.2 27.0 16.0 12.1 9.9 8.3 6.9 5.8 5.1 4.6 4.2 4.0 3.8 3.5 3.2 2.8 2.4 2.1 1.7 1.5 1.3 1.1 0.9 0.7 0.5 0.3 0.2 0.2 0.4

Ttg/Ctg
synonymous_variant
1674.0 71.0 18.8 11.0 8.5 7.2 6.4 5.8 5.2 4.6 4.0 3.4 2.8 2.4 2.1 1.8 1.6 1.4 1.3 1.2 1.1 1.1 1.1 1.0 0.9 0.7 0.5 0.3 0.2 0.4

atT/atC
intergenic_variant
863.9 43.3 13.2 8.0 5.9 4.7 3.8 3.1 2.6 2.3 2.0 1.7 1.5 1.3 1.2 1.2 1.2 1.2 1.1 1.1 1.0 1.0 0.9 0.9 0.9 1.0 1.1 1.1 1.0 0.6

atT/atC
synonymous_variant
884.5 39.5 12.6 7.0 4.4 3.0 2.3 1.9 1.8 1.6 1.6 1.5 1.4 1.4 1.3 1.1 1.0 0.9 0.7 0.7 0.6 0.6 0.5 0.4 0.3 0.2 0.2 0.2 0.3 0.3

cgT/cgC
intergenic_variant
240.7 13.7 4.6 2.7 1.8 1.6 1.5 1.5 1.5 1.4 1.2 1.1 1.0 0.9 0.8 0.7 0.6 0.5 0.4 0.3 0.2 0.1 0.1 0.1 0.1 0.1 0.2 0.2 0.3 0.2

cgT/cgC
synonymous_variant
255.6 11.0 3.3 1.4 0.7 0.5 0.6 0.7 0.8 0.8 0.8 0.6 0.5 0.4 0.3 0.2 0.2 0.2 0.2 0.1 0.1 0.1 0.1 0.1 0.1 0.2 0.2 0.2 0.1 0.1

agT/agC
intergenic_variant
971.0 57.2 19.7 11.8 8.4 6.5 5.1 4.2 3.5 3.0 2.5 2.1 1.8 1.5 1.3 1.1 1.0 0.9 0.9 0.9 0.9 0.8 0.8 0.7 0.6 0.4 0.3 0.3 0.3 0.4

agT/agC
synonymous_variant
998.5 47.4 14.5 8.3 5.8 4.3 3.4 2.9 2.5 2.3 2.2 2.1 2.1 2.0 2.0 1.9 1.8 1.6 1.4 1.1 0.8 0.6 0.4 0.3 0.3 0.2 0.2 0.1 0.1 0.0

ggT/ggC
intergenic_variant
589.3 36.4 12.0 7.7 5.8 4.5 3.5 2.8 2.3 1.9 1.6 1.4 1.3 1.2 1.1 1.1 1.0 0.9 0.8 0.8 0.8 0.7 0.7 0.6 0.6 0.5 0.4 0.4 0.5 0.6

ggT/ggC
synonymous_variant
608.2 31.0 9.1 5.1 3.9 3.3 3.0 2.7 2.4 2.1 1.8 1.5 1.2 1.0 0.8 0.7 0.6 0.5 0.4 0.4 0.4 0.4 0.4 0.5 0.6 0.6 0.6 0.5 0.3 0.1

tgT/tgC
intergenic_variant
647.8 36.9 11.8 7.1 5.2 4.1 3.3 2.8 2.4 1.9 1.5 1.2 1.0 0.8 0.7 0.7 0.7 0.7 0.8 0.8 0.8 0.7 0.6 0.4 0.2 0.1 0.1 0.1 0.3 0.3

tgT/tgC
synonymous_variant
660.7 30.8 9.9 6.2 5.1 4.4 3.6 2.7 2.0 1.4 1.0 0.9 0.8 0.8 0.8 0.7 0.6 0.6 0.5 0.4 0.4 0.4 0.3 0.3 0.2 0.2 0.1 0.1 0.0 0.0

gcT/gcC
intergenic_variant
1174.6 67.7 22.2 13.5 9.5 7.0 5.4 4.5 4.1 4.0 4.0 4.0 3.9 3.7 3.4 3.0 2.6 2.3 1.9 1.7 1.4 1.2 1.1 0.9 0.7 0.5 0.4 0.4 0.3 0.2

gcT/gcC
synonymous_variant
1229.0 54.0 14.4 7.5 5.3 4.5 4.1 3.8 3.5 3.1 2.6 2.2 1.9 1.6 1.4 1.3 1.2 1.2 1.2 1.2 1.2 1.1 1.0 0.8 0.5 0.3 0.2 0.1 0.0 0.0

acT/acC
intergenic_variant
1088.1 58.3 18.7 10.8 7.6 6.0 5.0 4.4 3.9 3.4 3.0 2.7 2.6 2.5 2.5 2.4 2.3 2.0 1.7 1.4 1.2 1.0 0.9 0.9 0.9 0.9 0.8 0.8 0.9 1.2

acT/acC
synonymous_variant
1144.2 43.9 11.6 6.1 4.5 3.8 3.3 2.9 2.4 2.1 1.8 1.5 1.3 1.1 0.9 0.8 0.7 0.7 0.7 0.7 0.8 0.8 0.8 0.7 0.6 0.5 0.4 0.2 0.1 0.0

ccT/ccC
intergenic_variant
1142.4 62.2 18.6 10.2 6.8 4.9 3.8 3.1 2.8 2.5 2.4 2.2 2.0 1.8 1.7 1.6 1.5 1.4 1.3 1.1 0.9 0.7 0.6 0.6 0.7 0.7 0.8 0.7 0.5 0.3

ccT/ccC
synonymous_variant
1163.0 51.3 15.4 9.1 6.2 4.6 3.6 3.1 2.9 2.8 2.7 2.5 2.3 1.9 1.6 1.2 0.9 0.8 0.7 0.7 0.7 0.7 0.6 0.5 0.4 0.3 0.2 0.1 0.0 0.0

tcT/tcC
intergenic_variant
1012.8 56.9 18.6 9.7 6.0 4.5 3.8 3.5 3.3 3.1 2.9 2.7 2.4 2.2 1.9 1.7 1.6 1.4 1.2 1.0 0.9 0.7 0.5 0.3 0.2 0.1 0.0 0.0 0.0 0.0

tcT/tcC
synonymous_variant
1041.0 44.3 13.2 8.0 5.9 4.6 3.5 2.7 2.1 1.8 1.6 1.5 1.4 1.3 1.3 1.2 1.1 1.0 0.9 0.8 0.7 0.7 0.7 0.7 0.7 0.6 0.4 0.3 0.1 0.0

caT/caC
intergenic_variant
1498.0 81.4 26.4 15.9 12.1 9.9 8.2 6.7 5.4 4.4 3.6 3.0 2.6 2.3 2.0 1.8 1.5 1.3 1.0 0.8 0.6 0.5 0.5 0.5 0.6 0.7 0.8 0.8 0.9 1.2

caT/caC
synonymous_variant
1534.4 67.7 19.5 11.3 8.4 6.7 5.5 4.6 4.0 3.5 3.1 2.8 2.6 2.3 2.1 1.8 1.6 1.4 1.3 1.2 1.1 1.1 1.1 1.2 1.2 1.1 0.9 0.9 0.9 1.0

taT/taC
intergenic_variant
2107.7 130.8 42.9 23.8 15.8 11.4 8.7 7.0 5.8 5.0 4.4 3.9 3.4 2.9 2.4 2.1 1.8 1.7 1.5 1.5 1.4 1.4 1.4 1.3 1.2 1.1 0.9 0.8 0.9 0.8

taT/taC
synonymous_variant
2173.7 95.5 26.1 14.6 10.9 9.2 8.2 7.2 6.3 5.5 4.8 4.1 3.6 3.2 2.9 2.7 2.6 2.5 2.4 2.1 1.9 1.6 1.2 0.9 0.6 0.3 0.2 0.1 0.1 0.3

aaT/aaC
intergenic_variant
1866.3 109.5 34.5 19.4 13.2 9.8 7.6 6.3 5.4 4.7 4.2 3.7 3.3 2.9 2.6 2.2 1.9 1.7 1.4 1.2 1.1 1.0 1.0 0.9 0.9 0.8 0.7 0.7 0.6 0.7

aaT/aaC
synonymous_variant
1912.4 88.1 24.7 12.7 8.7 7.3 6.7 6.4 5.9 5.3 4.5 3.8 3.2 2.8 2.4 2.2 1.9 1.6 1.3 1.1 0.9 0.8 0.9 1.0 1.1 1.1 0.9 0.7 0.4 0.1

gaT/gaC
intergenic_variant
2142.6 118.8 36.9 22.0 16.3 13.2 11.1 9.4 8.0 6.7 5.4 4.3 3.5 3.0 2.6 2.4 2.3 2.1 1.9 1.7 1.5 1.3 1.2 1.1 1.1 1.0 0.8 0.7 0.7 0.7

gaT/gaC
synonymous_variant
2205.6 97.5 28.6 16.3 11.2 8.4 6.7 5.8 5.2 4.6 4.1 3.6 3.2 2.8 2.4 2.1 1.8 1.6 1.4 1.3 1.2 1.1 1.1 1.0 0.9 0.9 0.8 0.8 0.9 0.9

ccA/ccG
intergenic_variant
2073.0 123.2 39.3 23.2 16.8 13.1 10.4 8.3 6.6 5.3 4.5 3.9 3.5 3.2 3.0 2.7 2.4 2.1 1.8 1.6 1.4 1.2 1.2 1.1 1.0 1.0 1.0 1.2 1.3 1.2

ccA/ccG
synonymous_variant
2142.9 92.6 25.6 14.4 10.5 8.5 7.3 6.5 5.9 5.3 4.7 4.0 3.4 3.0 2.7 2.5 2.4 2.2 2.0 1.8 1.6 1.6 1.6 1.6 1.5 1.3 0.9 0.5 0.3 0.3

acA/acG
intergenic_variant
1961.3 112.9 35.1 21.3 16.6 14.0 11.8 9.9 8.3 7.0 6.0 5.3 4.7 4.2 3.8 3.5 3.3 3.0 2.8 2.6 2.4 2.3 2.1 2.0 1.8 1.7 1.7 1.8 2.0 2.2

acA/acG
synonymous_variant
2045.7 89.4 28.0 16.3 11.5 8.8 7.1 6.0 5.0 4.2 3.6 3.0 2.5 2.2 2.0 2.0 2.0 2.0 2.0 1.9 1.8 1.7 1.6 1.5 1.4 1.3 1.2 1.2 1.0 0.8

gcA/gcG
intergenic_variant
1674.9 110.4 34.8 18.2 12.2 9.5 7.9 6.7 5.9 5.2 4.8 4.3 3.8 3.3 2.8 2.5 2.2 2.1 1.9 1.8 1.7 1.5 1.3 1.0 0.8 0.7 0.6 0.6 0.7 1.0

gcA/gcG
synonymous_variant
1752.2 76.8 23.9 14.1 10.0 7.5 5.9 4.7 3.9 3.3 2.8 2.4 2.1 1.8 1.6 1.5 1.2 1.0 0.8 0.6 0.5 0.5 0.6 0.8 1.0 1.2 1.3 1.2 1.0 0.6

tcA/tcG
intergenic_variant
1245.0 70.1 22.5 12.9 9.1 7.3 6.2 5.4 4.8 4.2 3.7 3.1 2.6 2.0 1.5 1.1 0.9 0.8 0.9 1.0 1.1 1.1 1.1 1.1 1.0 0.9 0.8 0.6 0.5 0.4

tcA/tcG
synonymous_variant
1290.4 57.4 17.3 9.6 6.2 4.4 3.3 2.6 2.1 1.8 1.6 1.5 1.4 1.4 1.4 1.4 1.4 1.3 1.2 1.1 1.0 0.9 0.8 0.7 0.6 0.5 0.4 0.2 0.1 0.0

ggA/ggG
intergenic_variant
934.7 55.4 17.7 10.6 8.0 6.7 5.8 4.9 4.1 3.3 2.5 1.9 1.5 1.1 0.9 0.7 0.6 0.5 0.4 0.3 0.3 0.2 0.2 0.2 0.2 0.2 0.1 0.2 0.3 0.4

ggA/ggG
synonymous_variant
980.0 39.0 10.7 5.9 4.2 3.2 2.4 1.8 1.3 1.1 1.0 1.0 1.0 1.0 1.0 1.0 1.0 1.0 1.0 1.0 1.0 0.9 0.8 0.6 0.4 0.3 0.1 0.1 0.0 0.0

cgA/cgG
intergenic_variant
292.3 13.2 3.8 2.2 1.7 1.5 1.4 1.3 1.2 1.0 0.8 0.6 0.4 0.3 0.3 0.3 0.4 0.4 0.5 0.5 0.5 0.4 0.3 0.3 0.2 0.1 0.1 0.0 0.0 0.0

cgA/cgG
synonymous_variant
293.0 12.2 4.0 2.5 1.8 1.4 1.1 0.9 0.8 0.7 0.7 0.7 0.7 0.7 0.7 0.7 0.6 0.6 0.5 0.4 0.4 0.3 0.3 0.2 0.2 0.1 0.1 0.0 0.0 0.0

agA/agG
intergenic_variant
771.2 44.5 12.5 6.2 4.2 3.5 3.3 3.1 2.9 2.6 2.3 2.0 1.7 1.4 1.2 1.1 1.0 1.0 1.0 1.0 0.9 0.8 0.6 0.4 0.3 0.1 0.1 0.0 0.0 0.0

agA/agG
synonymous_variant
798.9 34.6 10.4 5.5 3.5 2.5 1.8 1.5 1.2 1.1 1.0 0.9 0.8 0.7 0.6 0.6 0.6 0.6 0.6 0.6 0.6 0.6 0.5 0.5 0.4 0.3 0.2 0.1 0.0 0.0

ttA/ttG
intergenic_variant
696.5 37.1 11.4 6.3 4.4 3.4 2.8 2.3 2.0 1.8 1.6 1.5 1.4 1.3 1.2 1.1 1.0 1.0 0.9 0.8 0.7 0.7 0.7 0.7 0.7 0.6 0.5 0.4 0.2 0.1

ttA/ttG
synonymous_variant
721.8 29.4 7.1 3.0 1.6 1.2 1.3 1.5 1.8 1.9 1.9 1.8 1.6 1.4 1.2 1.1 1.0 0.8 0.7 0.5 0.4 0.3 0.2 0.2 0.2 0.2 0.2 0.2 0.2 0.1

gtA/gtG
intergenic_variant
865.0 46.7 13.9 7.4 4.9 3.7 3.1 2.6 2.3 2.0 1.8 1.6 1.4 1.2 0.9 0.7 0.6 0.5 0.5 0.5 0.7 0.8 0.9 1.1 1.1 1.1 0.9 0.6 0.3 0.1

gtA/gtG
synonymous_variant
886.3 35.3 10.5 6.6 5.0 4.0 3.3 2.9 2.5 2.2 2.0 1.7 1.5 1.2 1.0 0.8 0.6 0.5 0.4 0.3 0.2 0.1 0.1 0.0 0.0 0.0 0.0 0.0 0.0 0.0

ctA/ctG
intergenic_variant
1457.6 76.0 22.5 12.3 8.4 6.5 5.3 4.6 4.0 3.6 3.3 3.1 2.9 2.7 2.4 2.0 1.6 1.2 0.9 0.7 0.6 0.5 0.4 0.4 0.3 0.3 0.3 0.3 0.2 0.1

ctA/ctG
synonymous_variant
1483.2 66.7 18.6 10.3 7.3 5.8 4.8 4.0 3.3 2.8 2.4 2.1 1.9 1.7 1.5 1.3 1.1 0.9 0.7 0.6 0.4 0.4 0.4 0.4 0.4 0.5 0.5 0.4 0.3 0.2

gtT/gtA
intergenic_variant
110.8 6.5 2.3 1.5 1.2 1.0 0.7 0.5 0.4 0.3 0.3 0.3 0.3 0.3 0.2 0.2 0.1 0.1 0.0 0.0 0.0 0.0 0.0 0.0 0.0 0.0 0.0 0.0 0.0 0.0

gtT/gtA
synonymous_variant
117.5 5.3 1.6 0.8 0.4 0.3 0.2 0.2 0.2 0.2 0.1 0.1 0.0 0.0 0.0 0.0 0.0 0.0 0.0 0.0 0.0 0.0 0.0 0.0 0.0 0.0 0.0 0.0 0.0 0.0

atT/atA
intergenic_variant
295.2 15.5 5.0 3.4 2.6 2.0 1.6 1.2 0.9 0.7 0.6 0.5 0.5 0.4 0.4 0.4 0.4 0.3 0.3 0.3 0.2 0.2 0.2 0.2 0.2 0.3 0.4 0.4 0.4 0.2

atT/atA
synonymous_variant
309.6 11.7 3.2 1.8 1.2 0.9 0.7 0.6 0.6 0.5 0.4 0.3 0.2 0.2 0.2 0.2 0.2 0.3 0.4 0.4 0.4 0.4 0.3 0.2 0.1 0.0 0.0 0.0 0.0 0.0

ggT/ggA
intergenic_variant
152.7 9.3 3.2 1.9 1.5 1.3 1.2 1.0 0.7 0.5 0.3 0.2 0.1 0.0 0.0 0.0 0.0 0.0 0.0 0.0 0.0 0.1 0.1 0.2 0.2 0.2 0.1 0.1 0.0 0.0

ggT/ggA
synonymous_variant
160.7 6.1 2.2 1.4 1.1 0.9 0.7 0.5 0.4 0.3 0.2 0.2 0.2 0.1 0.1 0.0 0.0 0.0 0.0 0.0 0.0 0.0 0.0 0.0 0.0 0.0 0.0 0.0 0.0 0.0

ccT/ccA
intergenic_variant
266.8 15.1 5.2 3.3 2.4 1.8 1.3 1.0 0.8 0.6 0.6 0.5 0.4 0.4 0.3 0.3 0.3 0.3 0.2 0.2 0.1 0.1 0.0 0.0 0.0 0.1 0.2 0.2 0.2 0.1

ccT/ccA
synonymous_variant
275.0 12.7 3.7 1.9 1.2 0.8 0.5 0.3 0.3 0.3 0.3 0.3 0.3 0.4 0.4 0.5 0.5 0.5 0.5 0.5 0.4 0.3 0.2 0.1 0.1 0.0 0.1 0.2 0.3 0.3

gcT/gcA
intergenic_variant
282.6 12.9 2.7 1.4 1.2 1.0 0.8 0.6 0.4 0.3 0.3 0.2 0.3 0.3 0.3 0.2 0.2 0.2 0.2 0.1 0.2 0.2 0.2 0.1 0.1 0.1 0.0 0.0 0.0 0.0

gcT/gcA
synonymous_variant
286.5 9.6 2.4 1.0 0.4 0.3 0.2 0.3 0.4 0.5 0.6 0.7 0.7 0.7 0.6 0.5 0.3 0.3 0.2 0.2 0.2 0.2 0.1 0.1 0.1 0.0 0.0 0.0 0.0 0.0

tcT/tcA
intergenic_variant
181.4 8.3 3.2 2.7 2.4 2.0 1.6 1.2 0.8 0.5 0.4 0.3 0.2 0.2 0.1 0.1 0.2 0.1 0.1 0.1 0.1 0.0 0.0 0.0 0.0 0.0 0.0 0.0 0.0 0.0

tcT/tcA
synonymous_variant
190.6 7.1 1.5 0.8 0.5 0.4 0.3 0.3 0.3 0.3 0.3 0.2 0.2 0.2 0.1 0.1 0.2 0.2 0.3 0.3 0.3 0.4 0.4 0.3 0.2 0.1 0.1 0.0 0.0 0.0

ccA/ccT
intergenic_variant
315.7 17.7 5.8 3.7 2.8 2.2 1.7 1.3 1.1 1.0 0.9 0.8 0.7 0.7 0.6 0.5 0.5 0.4 0.3 0.2 0.2 0.1 0.1 0.0 0.0 0.0 0.0 0.0 0.0 0.0

ccA/ccT
synonymous_variant
325.2 13.6 3.6 2.3 1.9 1.7 1.4 1.2 1.0 0.9 0.7 0.6 0.5 0.4 0.4 0.4 0.4 0.4 0.4 0.4 0.4 0.3 0.3 0.2 0.1 0.0 0.0 0.0 0.0 0.0

tcA/tcT
intergenic_variant
288.5 17.5 6.0 3.3 2.2 1.6 1.3 1.0 0.8 0.6 0.5 0.4 0.4 0.4 0.4 0.4 0.5 0.6 0.6 0.6 0.5 0.5 0.4 0.4 0.3 0.2 0.2 0.1 0.0 0.0

tcA/tcT
synonymous_variant
304.4 12.7 3.0 1.4 1.0 0.9 0.8 0.7 0.7 0.6 0.6 0.6 0.6 0.5 0.5 0.4 0.3 0.2 0.1 0.1 0.0 0.0 0.0 0.0 0.0 0.0 0.0 0.0 0.0 0.0

ctT/ctA
intergenic_variant
152.6 9.6 3.2 1.7 1.2 1.0 0.9 0.7 0.6 0.5 0.5 0.5 0.5 0.5 0.5 0.5 0.4 0.3 0.2 0.2 0.2 0.2 0.2 0.2 0.1 0.1 0.0 0.0 0.1 0.4

ctT/ctA
synonymous_variant
167.3 6.1 1.3 0.6 0.4 0.3 0.3 0.3 0.2 0.2 0.2 0.2 0.2 0.1 0.1 0.1 0.0 0.0 0.0 0.0 0.0 0.0 0.0 0.0 0.0 0.0 0.0 0.0 0.0 0.0

acA/acT
intergenic_variant
340.4 20.5 6.9 3.9 2.8 2.3 2.0 1.6 1.3 1.1 0.9 0.8 0.7 0.6 0.5 0.4 0.4 0.3 0.2 0.2 0.1 0.1 0.0 0.0 0.0 0.0 0.0 0.0 0.0 0.0

acA/acT
synonymous_variant
353.6 16.6 5.6 3.2 1.9 1.1 0.8 0.7 0.6 0.6 0.5 0.5 0.4 0.3 0.2 0.2 0.2 0.2 0.2 0.2 0.1 0.1 0.1 0.0 0.0 0.0 0.0 0.0 0.0 0.0

gcA/gcT
intergenic_variant
287.7 15.4 3.7 1.6 1.1 0.9 0.9 0.9 0.9 0.8 0.8 0.7 0.7 0.6 0.6 0.6 0.5 0.4 0.4 0.3 0.2 0.1 0.1 0.0 0.0 0.0 0.0 0.0 0.0 0.0

gcA/gcT
synonymous_variant
292.6 13.2 3.5 1.9 1.3 1.1 0.9 0.7 0.5 0.4 0.3 0.3 0.3 0.3 0.2 0.2 0.2 0.1 0.1 0.1 0.1 0.2 0.2 0.2 0.1 0.2 0.2 0.2 0.3 0.2

cgT/cgA
intergenic_variant
69.7 4.8 1.5 0.8 0.7 0.7 0.7 0.6 0.5 0.4 0.3 0.1 0.1 0.0 0.0 0.0 0.0 0.1 0.1 0.1 0.2 0.2 0.1 0.1 0.1 0.0 0.0 0.0 0.0 0.0

cgT/cgA
synonymous_variant
74.7 2.1 0.2 0.2 0.3 0.5 0.6 0.7 0.7 0.6 0.5 0.4 0.3 0.2 0.1 0.0 0.0 0.0 0.0 0.0 0.0 0.0 0.0 0.0 0.0 0.0 0.0 0.0 0.0 0.0

acT/acA
intergenic_variant
266.6 14.6 3.7 2.3 2.0 1.8 1.6 1.3 1.1 1.0 0.8 0.7 0.6 0.5 0.4 0.3 0.2 0.2 0.1 0.1 0.0 0.0 0.0 0.0 0.0 0.0 0.0 0.0 0.0 0.0

acT/acA
synonymous_variant
274.7 12.1 4.0 2.1 1.2 0.8 0.5 0.3 0.3 0.2 0.3 0.3 0.3 0.4 0.3 0.3 0.3 0.3 0.2 0.2 0.2 0.2 0.2 0.1 0.1 0.0 0.0 0.0 0.0 0.0

ggA/ggT
intergenic_variant
368.4 21.8 6.5 3.4 2.4 2.0 1.8 1.5 1.3 1.0 0.8 0.6 0.5 0.4 0.3 0.2 0.2 0.1 0.1 0.1 0.1 0.1 0.2 0.2 0.2 0.1 0.1 0.2 0.3 0.3

ggA/ggT
synonymous_variant
387.3 13.7 3.4 1.6 1.1 1.0 0.9 0.8 0.7 0.5 0.4 0.2 0.2 0.1 0.1 0.0 0.1 0.1 0.2 0.2 0.3 0.3 0.4 0.4 0.3 0.3 0.2 0.1 0.1 0.0

cgA/cgT
intergenic_variant
93.5 5.5 1.4 0.5 0.3 0.3 0.4 0.5 0.6 0.5 0.5 0.4 0.3 0.2 0.2 0.2 0.3 0.4 0.4 0.4 0.4 0.3 0.2 0.1 0.1 0.0 0.0 0.0 0.0 0.0

cgA/cgT
synonymous_variant
98.5 3.5 1.3 0.8 0.5 0.3 0.2 0.2 0.3 0.3 0.4 0.4 0.3 0.3 0.2 0.2 0.1 0.1 0.0 0.0 0.0 0.0 0.0 0.0 0.0 0.0 0.0 0.0 0.0 0.0

ctA/ctT
intergenic_variant
110.0 5.9 2.2 1.3 0.8 0.6 0.4 0.4 0.3 0.4 0.4 0.4 0.4 0.4 0.5 0.5 0.5 0.5 0.4 0.3 0.2 0.1 0.1 0.0 0.0 0.0 0.0 0.1 0.2 0.4

ctA/ctT
synonymous_variant
119.7 4.4 0.9 0.6 0.5 0.4 0.4 0.3 0.2 0.2 0.2 0.1 0.1 0.0 0.0 0.0 0.0 0.0 0.0 0.0 0.0 0.0 0.0 0.0 0.0 0.0 0.0 0.0 0.0 0.0

atA/atT
intergenic_variant
151.6 9.2 2.6 1.4 1.0 0.9 0.8 0.6 0.5 0.4 0.3 0.3 0.2 0.2 0.2 0.2 0.1 0.1 0.1 0.1 0.0 0.0 0.0 0.0 0.0 0.0 0.0 0.0 0.0 0.0

atA/atT
synonymous_variant
161.6 5.6 1.4 0.9 0.6 0.4 0.2 0.1 0.1 0.0 0.0 0.0 0.0 0.0 0.0 0.0 0.0 0.0 0.0 0.0 0.0 0.0 0.0 0.0 0.0 0.0 0.0 0.0 0.0 0.0

gtA/gtT
intergenic_variant
116.9 8.1 3.1 2.2 1.6 1.3 1.1 1.0 0.9 0.9 0.8 0.7 0.5 0.4 0.3 0.2 0.2 0.1 0.1 0.2 0.2 0.1 0.1 0.1 0.0 0.0 0.0 0.0 0.0 0.0

gtA/gtT
synonymous_variant
131.9 4.5 0.9 0.4 0.2 0.2 0.2 0.2 0.2 0.3 0.3 0.3 0.2 0.2 0.2 0.2 0.2 0.1 0.1 0.1 0.0 0.0 0.0 0.0 0.0 0.0 0.0 0.0 0.0 0.0

ctG/ctT
intergenic_variant
1016.2 54.4 15.5 8.4 6.0 4.8 4.1 3.5 3.0 2.6 2.2 1.9 1.7 1.5 1.4 1.2 1.0 0.9 0.8 0.8 0.9 0.9 0.8 0.8 0.7 0.6 0.5 0.4 0.3 0.3

ctG/ctT
synonymous_variant
1039.9 44.7 12.7 6.7 4.7 3.8 3.3 2.9 2.4 2.0 1.7 1.4 1.4 1.3 1.3 1.3 1.2 1.1 0.9 0.8 0.7 0.6 0.5 0.4 0.3 0.2 0.2 0.3 0.2 0.1

gtG/gtT
intergenic_variant
625.5 31.6 9.5 6.6 5.7 5.0 4.3 3.7 3.2 2.7 2.3 1.8 1.5 1.2 0.9 0.7 0.6 0.5 0.4 0.4 0.3 0.2 0.2 0.2 0.2 0.2 0.2 0.2 0.1 0.0

gtG/gtT
synonymous_variant
649.0 31.8 9.9 5.0 3.0 1.9 1.3 0.9 0.7 0.6 0.5 0.4 0.4 0.3 0.3 0.3 0.3 0.4 0.4 0.4 0.4 0.4 0.4 0.3 0.2 0.1 0.1 0.0 0.0 0.0

cgG/cgT
intergenic_variant
358.0 16.7 6.0 3.9 2.6 1.7 1.2 0.9 0.8 0.8 0.7 0.7 0.7 0.8 0.8 0.9 1.0 1.1 1.2 1.2 1.1 0.9 0.6 0.4 0.3 0.2 0.2 0.2 0.2 0.1

cgG/cgT
synonymous_variant
383.7 13.4 2.9 1.5 1.1 0.9 0.8 0.6 0.4 0.3 0.2 0.1 0.1 0.0 0.0 0.0 0.0 0.0 0.0 0.0 0.0 0.0 0.0 0.0 0.0 0.0 0.0 0.0 0.0 0.0

ggG/ggT
intergenic_variant
731.8 43.1 14.3 9.2 7.1 5.6 4.4 3.3 2.6 2.0 1.7 1.4 1.3 1.1 1.0 0.9 0.8 0.7 0.6 0.5 0.4 0.3 0.3 0.2 0.2 0.2 0.1 0.0 0.0 0.0

ggG/ggT
synonymous_variant
765.8 32.2 7.9 4.0 3.0 2.7 2.6 2.4 2.2 2.0 1.7 1.5 1.2 1.0 0.8 0.6 0.4 0.3 0.2 0.2 0.2 0.1 0.1 0.1 0.2 0.3 0.4 0.4 0.3 0.2

ccG/ccT
intergenic_variant
425.4 25.6 9.0 5.6 4.3 3.3 2.6 1.9 1.5 1.2 1.0 1.0 0.9 0.9 0.8 0.6 0.5 0.4 0.2 0.2 0.1 0.1 0.1 0.1 0.2 0.2 0.2 0.2 0.1 0.0

ccG/ccT
synonymous_variant
440.9 21.0 5.8 3.2 2.2 1.8 1.6 1.5 1.4 1.3 1.1 0.9 0.7 0.5 0.4 0.2 0.2 0.1 0.1 0.2 0.3 0.3 0.4 0.4 0.4 0.3 0.3 0.2 0.1 0.0

gcG/gcT
intergenic_variant
320.1 20.6 5.5 2.8 2.0 1.6 1.2 1.0 0.8 0.7 0.7 0.8 0.8 0.8 0.8 0.8 0.8 0.8 0.8 0.7 0.7 0.6 0.6 0.5 0.5 0.4 0.3 0.2 0.1 0.0

gcG/gcT
synonymous_variant
335.2 13.3 3.7 2.1 1.4 1.0 0.9 0.9 0.9 0.9 0.8 0.7 0.7 0.7 0.7 0.7 0.7 0.6 0.5 0.5 0.4 0.3 0.2 0.1 0.1 0.0 0.0 0.0 0.0 0.0

Cgg/Agg
intergenic_variant
613.0 34.5 9.7 5.6 4.4 4.0 3.6 3.3 3.0 2.6 2.2 1.8 1.5 1.2 0.9 0.7 0.6 0.5 0.4 0.4 0.4 0.4 0.5 0.5 0.5 0.4 0.3 0.2 0.1 0.0

Cgg/Agg
synonymous_variant
631.4 29.6 9.7 5.3 3.2 2.1 1.6 1.4 1.3 1.3 1.2 1.2 1.1 1.0 1.0 0.8 0.7 0.6 0.6 0.5 0.4 0.4 0.3 0.2 0.1 0.1 0.0 0.0 0.0 0.0

acG/acT
intergenic_variant
394.3 22.4 7.4 4.3 3.0 2.4 2.2 2.0 1.9 1.9 1.8 1.7 1.5 1.3 1.1 1.0 0.8 0.7 0.7 0.6 0.6 0.5 0.4 0.3 0.1 0.1 0.0 0.0 0.0 0.0

acG/acT
synonymous_variant
408.8 20.5 6.3 3.7 2.6 2.0 1.7 1.4 1.1 0.9 0.8 0.7 0.7 0.7 0.6 0.6 0.5 0.4 0.3 0.2 0.1 0.1 0.0 0.0 0.0 0.0 0.0 0.0 0.0 0.0

Cga/Aga
intergenic_variant
390.1 28.5 10.3 5.7 3.8 2.8 2.2 1.8 1.6 1.5 1.4 1.3 1.2 1.1 1.0 0.8 0.7 0.5 0.4 0.3 0.2 0.2 0.2 0.2 0.3 0.3 0.3 0.3 0.3 0.5

Cga/Aga
synonymous_variant
424.8 17.5 4.1 2.3 1.8 1.4 1.1 0.9 0.8 0.7 0.6 0.5 0.4 0.4 0.3 0.3 0.3 0.2 0.2 0.2 0.2 0.2 0.2 0.2 0.1 0.1 0.0 0.0 0.0 0.0

tcC/tcA
intergenic_variant
377.9 18.9 6.1 3.2 2.1 1.6 1.3 1.1 1.0 0.9 0.8 0.8 0.8 0.8 0.7 0.6 0.5 0.4 0.4 0.3 0.2 0.2 0.1 0.1 0.0 0.0 0.0 0.0 0.0 0.0

tcC/tcA
synonymous_variant
391.6 14.0 4.0 2.5 1.7 1.2 0.8 0.6 0.5 0.4 0.3 0.2 0.1 0.1 0.1 0.1 0.1 0.1 0.1 0.2 0.1 0.1 0.1 0.1 0.1 0.1 0.3 0.4 0.5 0.4

gcC/gcA
intergenic_variant
575.6 31.7 11.5 7.7 5.8 4.4 3.3 2.5 1.9 1.5 1.3 1.2 1.1 1.0 0.9 0.7 0.6 0.5 0.4 0.3 0.3 0.3 0.2 0.2 0.2 0.2 0.2 0.2 0.2 0.1

gcC/gcA
synonymous_variant
603.3 22.3 6.1 3.8 3.0 2.6 2.2 1.8 1.4 1.2 1.1 1.0 0.9 0.8 0.7 0.7 0.6 0.5 0.4 0.4 0.3 0.3 0.2 0.1 0.1 0.1 0.0 0.0 0.0 0.0

acC/acA
intergenic_variant
695.6 38.3 12.3 7.4 5.7 5.0 4.5 4.0 3.5 2.9 2.4 2.0 1.8 1.7 1.6 1.6 1.5 1.4 1.3 1.2 1.0 0.9 0.7 0.6 0.5 0.5 0.4 0.3 0.2 0.1

acC/acA
synonymous_variant
730.8 34.8 10.9 5.4 3.2 2.3 2.0 1.9 1.7 1.5 1.3 1.0 0.8 0.6 0.5 0.5 0.4 0.4 0.3 0.3 0.2 0.1 0.1 0.0 0.0 0.0 0.0 0.0 0.0 0.0

ccC/ccA
intergenic_variant
580.2 34.9 11.3 6.1 4.1 3.2 2.7 2.3 1.9 1.5 1.2 0.9 0.8 0.6 0.5 0.4 0.2 0.1 0.1 0.0 0.0 0.0 0.0 0.0 0.0 0.0 0.0 0.0 0.0 0.0

ccC/ccA
synonymous_variant
587.2 30.4 9.9 5.6 3.8 2.8 2.2 1.7 1.3 1.1 0.9 0.7 0.6 0.5 0.5 0.5 0.4 0.4 0.4 0.5 0.4 0.4 0.3 0.2 0.1 0.1 0.0 0.0 0.0 0.0

tcG/tcT
intergenic_variant
266.5 16.4 4.5 2.7 2.2 1.8 1.4 1.1 0.9 0.7 0.7 0.6 0.6 0.5 0.5 0.4 0.3 0.3 0.2 0.2 0.2 0.2 0.1 0.1 0.1 0.0 0.0 0.0 0.0 0.0

tcG/tcT
synonymous_variant
275.9 14.0 3.8 1.9 1.1 0.8 0.5 0.4 0.3 0.2 0.2 0.2 0.2 0.3 0.3 0.3 0.3 0.3 0.4 0.4 0.3 0.3 0.2 0.1 0.1 0.0 0.0 0.0 0.0 0.0

cgC/cgA
intergenic_variant
219.1 10.5 3.0 2.2 2.0 1.8 1.5 1.2 0.9 0.7 0.5 0.4 0.3 0.3 0.2 0.2 0.1 0.1 0.2 0.2 0.3 0.3 0.3 0.2 0.2 0.1 0.0 0.0 0.0 0.0

cgC/cgA
synonymous_variant
225.4 9.2 2.1 1.1 0.7 0.6 0.5 0.5 0.6 0.6 0.7 0.6 0.6 0.5 0.4 0.3 0.3 0.2 0.2 0.2 0.2 0.2 0.2 0.2 0.2 0.2 0.2 0.2 0.1 0.0

ggC/ggA
intergenic_variant
715.7 41.1 11.9 6.0 3.9 2.8 2.2 1.7 1.4 1.3 1.2 1.1 1.0 1.0 1.0 1.0 1.0 1.0 1.0 0.9 0.8 0.7 0.5 0.3 0.2 0.1 0.0 0.0 0.0 0.0

ggC/ggA
synonymous_variant
723.9 33.8 9.4 5.4 3.9 3.1 2.4 1.9 1.7 1.5 1.5 1.5 1.4 1.4 1.3 1.2 1.1 1.0 0.9 0.8 0.6 0.4 0.3 0.2 0.1 0.0 0.0 0.0 0.0 0.0

ctC/ctA
intergenic_variant
425.2 23.5 7.0 4.1 3.0 2.4 2.1 1.8 1.5 1.3 1.0 0.8 0.6 0.4 0.3 0.3 0.2 0.2 0.1 0.1 0.1 0.0 0.0 0.0 0.0 0.0 0.0 0.0 0.0 0.0

ctC/ctA
synonymous_variant
434.6 16.8 4.4 2.5 2.0 1.8 1.8 1.6 1.5 1.2 1.0 0.7 0.6 0.5 0.4 0.5 0.5 0.6 0.6 0.6 0.5 0.4 0.3 0.2 0.2 0.1 0.0 0.0 0.0 0.0

gtC/gtA
intergenic_variant
347.1 18.8 6.1 3.2 1.9 1.2 0.8 0.6 0.5 0.5 0.5 0.5 0.5 0.5 0.5 0.5 0.5 0.5 0.6 0.6 0.6 0.6 0.5 0.4 0.3 0.2 0.1 0.0 0.0 0.0

gtC/gtA
synonymous_variant
362.5 14.7 3.9 1.9 1.2 0.9 0.7 0.6 0.5 0.4 0.3 0.3 0.2 0.2 0.2 0.2 0.1 0.1 0.1 0.0 0.0 0.0 0.0 0.0 0.0 0.0 0.0 0.0 0.0 0.0

atC/atA
intergenic_variant
892.2 47.8 16.3 10.1 7.2 5.3 4.1 3.3 3.0 2.9 2.9 2.8 2.6 2.4 2.1 1.7 1.4 1.2 1.0 0.8 0.7 0.6 0.6 0.6 0.5 0.5 0.4 0.4 0.3 0.2

atC/atA
synonymous_variant
933.6 39.9 10.6 5.9 4.1 3.2 2.5 2.2 2.0 1.8 1.6 1.4 1.1 0.9 0.7 0.6 0.5 0.4 0.5 0.5 0.5 0.5 0.4 0.3 0.2 0.1 0.0 0.0 0.0 0.0

ctG/ctC
intergenic_variant
1193.3 68.0 20.1 11.7 8.5 6.5 5.3 4.6 4.1 3.8 3.5 3.1 2.8 2.5 2.2 2.0 1.7 1.5 1.3 1.0 0.8 0.6 0.5 0.4 0.3 0.3 0.3 0.2 0.1 0.1

ctG/ctC
synonymous_variant
1232.0 51.8 15.2 8.7 6.2 4.9 4.0 3.5 3.0 2.7 2.4 2.2 2.1 1.9 1.7 1.5 1.2 1.0 0.8 0.7 0.6 0.5 0.5 0.5 0.5 0.4 0.3 0.2 0.1 0.0

gtG/gtC
intergenic_variant
543.6 32.3 9.5 5.1 3.4 2.7 2.4 2.2 2.0 1.9 1.7 1.5 1.4 1.3 1.1 0.9 0.7 0.6 0.4 0.3 0.3 0.2 0.2 0.2 0.2 0.2 0.3 0.4 0.4 0.3

gtG/gtC
synonymous_variant
556.4 29.9 8.7 4.3 2.6 1.9 1.6 1.4 1.2 1.0 0.8 0.7 0.6 0.6 0.6 0.5 0.5 0.5 0.5 0.5 0.5 0.4 0.4 0.3 0.2 0.1 0.1 0.2 0.3 0.3

ggG/ggC
intergenic_variant
504.9 28.0 8.4 4.8 3.5 2.7 2.0 1.4 1.1 0.9 0.8 0.8 0.9 0.8 0.8 0.7 0.5 0.4 0.3 0.2 0.1 0.0 0.0 0.0 0.0 0.0 0.0 0.0 0.0 0.0

ggG/ggC
synonymous_variant
516.2 20.4 6.3 3.4 2.4 1.9 1.6 1.5 1.4 1.3 1.2 1.1 0.9 0.7 0.6 0.5 0.4 0.3 0.3 0.3 0.2 0.1 0.1 0.1 0.1 0.2 0.2 0.2 0.1 0.1

tcG/tcC
intergenic_variant
291.2 19.9 6.1 3.2 2.2 1.7 1.4 1.1 0.8 0.7 0.6 0.6 0.7 0.7 0.8 0.8 0.8 0.7 0.7 0.6 0.6 0.6 0.5 0.4 0.3 0.2 0.1 0.0 0.0 0.0

tcG/tcC
synonymous_variant
308.3 13.1 3.1 1.6 1.1 0.9 0.8 0.8 0.7 0.6 0.5 0.5 0.4 0.4 0.4 0.3 0.3 0.3 0.3 0.4 0.4 0.5 0.5 0.5 0.5 0.3 0.2 0.1 0.0 0.0

gcG/gcC
intergenic_variant
225.7 15.2 5.7 4.1 3.3 2.7 2.0 1.5 1.2 1.0 0.8 0.8 0.7 0.7 0.7 0.7 0.6 0.6 0.5 0.5 0.4 0.4 0.3 0.3 0.2 0.2 0.1 0.0 0.0 0.0

gcG/gcC
synonymous_variant
249.4 12.2 3.0 1.5 1.0 0.8 0.5 0.3 0.2 0.1 0.0 0.0 0.1 0.1 0.1 0.2 0.2 0.2 0.2 0.2 0.2 0.2 0.2 0.1 0.1 0.0 0.0 0.0 0.0 0.0

acG/acC
intergenic_variant
285.7 22.9 7.3 3.4 2.2 1.8 1.5 1.1 0.8 0.6 0.4 0.3 0.2 0.2 0.2 0.1 0.1 0.1 0.0 0.0 0.0 0.0 0.0 0.0 0.0 0.0 0.0 0.0 0.0 0.0

acG/acC
synonymous_variant
288.9 14.6 5.2 4.1 3.5 2.9 2.2 1.6 1.2 1.0 0.8 0.7 0.6 0.5 0.4 0.3 0.2 0.1 0.1 0.0 0.0 0.0 0.0 0.0 0.0 0.0 0.0 0.0 0.0 0.0

acC/acG
intergenic_variant
973.7 52.3 15.9 9.3 6.6 5.0 4.1 3.5 3.0 2.6 2.2 1.8 1.5 1.3 1.2 1.1 1.0 1.0 1.0 1.0 0.9 0.7 0.6 0.4 0.3 0.3 0.4 0.5 0.5 0.3

acC/acG
synonymous_variant
1005.0 41.2 11.7 6.5 4.5 3.4 2.8 2.4 2.1 1.9 1.7 1.4 1.2 1.0 0.9 0.7 0.6 0.4 0.3 0.2 0.2 0.2 0.2 0.2 0.2 0.3 0.4 0.5 0.6 0.6

gcC/gcG
intergenic_variant
895.2 58.8 18.4 9.8 6.7 5.3 4.6 4.0 3.4 2.9 2.4 2.0 1.6 1.2 1.0 0.9 0.8 0.9 0.9 0.9 0.9 0.8 0.8 0.6 0.5 0.4 0.2 0.1 0.0 0.0

gcC/gcG
synonymous_variant
939.7 41.8 11.3 6.1 4.0 3.0 2.4 2.2 2.0 1.9 1.7 1.4 1.2 0.9 0.7 0.6 0.4 0.3 0.3 0.2 0.2 0.3 0.3 0.4 0.4 0.5 0.6 0.5 0.4 0.2

ccC/ccG
intergenic_variant
1135.5 68.2 21.5 12.3 8.5 6.3 4.8 3.8 3.2 2.9 2.8 2.8 2.8 2.8 2.7 2.4 2.2 1.8 1.6 1.3 1.0 0.8 0.6 0.4 0.3 0.3 0.2 0.2 0.1 0.0

ccC/ccG
synonymous_variant
1185.3 49.8 14.3 8.3 5.7 4.3 3.4 2.8 2.4 2.2 2.0 1.9 1.8 1.6 1.3 1.1 0.9 0.7 0.5 0.5 0.4 0.4 0.4 0.3 0.3 0.3 0.2 0.1 0.1 0.2

tcC/tcG
intergenic_variant
527.0 28.8 8.3 4.5 3.1 2.4 2.0 1.8 1.6 1.4 1.3 1.2 1.0 0.9 0.8 0.7 0.6 0.5 0.4 0.3 0.3 0.2 0.2 0.2 0.1 0.1 0.0 0.0 0.0 0.0

tcC/tcG
synonymous_variant
544.0 21.9 5.7 3.1 2.5 2.3 2.0 1.7 1.3 0.9 0.7 0.5 0.5 0.4 0.4 0.4 0.3 0.3 0.2 0.2 0.2 0.2 0.1 0.1 0.0 0.0 0.0 0.0 0.0 0.0

cgG/cgC
intergenic_variant
270.5 17.2 6.3 4.0 3.1 2.6 2.3 2.0 1.8 1.6 1.5 1.3 1.2 1.0 0.8 0.6 0.5 0.3 0.2 0.1 0.1 0.0 0.0 0.0 0.0 0.0 0.0 0.0 0.0 0.0

cgG/cgC
synonymous_variant
287.3 14.1 4.7 2.8 2.0 1.4 1.1 0.8 0.7 0.5 0.4 0.3 0.3 0.3 0.3 0.3 0.3 0.3 0.3 0.3 0.2 0.1 0.1 0.0 0.0 0.0 0.0 0.0 0.0 0.0

ccG/ccC
intergenic_variant
243.4 18.1 6.7 4.1 2.9 2.1 1.5 1.1 0.8 0.6 0.5 0.4 0.4 0.5 0.5 0.5 0.5 0.4 0.4 0.3 0.2 0.1 0.0 0.0 0.0 0.0 0.0 0.0 0.0 0.0

ccG/ccC
synonymous_variant
255.0 12.5 3.8 2.0 1.4 1.2 1.2 1.3 1.3 1.2 1.1 1.0 0.8 0.7 0.5 0.4 0.3 0.2 0.1 0.1 0.0 0.0 0.0 0.0 0.0 0.0 0.0 0.0 0.0 0.0

cgC/cgG
intergenic_variant
189.8 11.5 3.6 2.1 1.7 1.6 1.5 1.4 1.3 1.0 0.8 0.6 0.4 0.3 0.2 0.2 0.2 0.3 0.3 0.3 0.2 0.2 0.1 0.1 0.0 0.0 0.0 0.0 0.0 0.0

cgC/cgG
synonymous_variant
205.0 9.4 2.0 0.8 0.5 0.3 0.3 0.3 0.3 0.3 0.2 0.2 0.2 0.1 0.1 0.0 0.0 0.0 0.0 0.0 0.0 0.0 0.0 0.0 0.0 0.0 0.0 0.0 0.0 0.0

ggC/ggG
intergenic_variant
491.3 30.0 8.7 4.6 3.4 2.9 2.7 2.6 2.5 2.2 1.9 1.6 1.3 1.1 1.0 0.9 0.8 0.8 0.7 0.6 0.5 0.5 0.4 0.3 0.2 0.2 0.1 0.1 0.0 0.0

ggC/ggG
synonymous_variant
508.8 25.6 8.5 4.5 2.7 1.9 1.5 1.3 1.3 1.2 1.1 0.9 0.8 0.6 0.5 0.4 0.3 0.2 0.2 0.2 0.2 0.2 0.2 0.1 0.1 0.1 0.1 0.2 0.3 0.3

ctC/ctG
intergenic_variant
1085.5 60.1 18.3 9.6 6.1 4.5 3.5 2.9 2.5 2.3 2.2 2.2 2.2 2.1 1.9 1.8 1.5 1.3 1.1 1.0 0.9 0.8 0.6 0.5 0.3 0.2 0.1 0.1 0.2 0.4

ctC/ctG
synonymous_variant
1109.9 46.8 12.6 7.0 5.2 4.4 3.9 3.6 3.3 3.2 2.9 2.6 2.2 1.8 1.5 1.2 1.0 0.8 0.7 0.6 0.5 0.4 0.3 0.3 0.2 0.1 0.1 0.0 0.0 0.0

gtC/gtG
intergenic_variant
525.5 31.0 9.7 6.0 4.4 3.4 2.6 2.1 1.8 1.6 1.5 1.5 1.4 1.2 1.0 0.8 0.6 0.5 0.4 0.3 0.2 0.2 0.1 0.1 0.0 0.0 0.0 0.0 0.0 0.0

gtC/gtG
synonymous_variant
548.6 22.6 6.1 3.5 2.4 1.8 1.4 1.1 1.0 0.9 0.8 0.8 0.7 0.7 0.6 0.6 0.5 0.4 0.3 0.2 0.2 0.2 0.2 0.2 0.3 0.3 0.3 0.2 0.1 0.3

gaC/gaT
intergenic_variant
7066.8 414.1 125.7 72.0 52.3 41.9 35.1 30.2 26.4 23.2 20.5 18.1 15.8 13.7 11.8 10.1 8.7 7.6 6.8 6.2 5.8 5.5 5.3 4.9 4.4 3.7 2.8 2.0 1.6 1.4

gaC/gaT
synonymous_variant
7326.6 341.5 97.4 54.1 37.1 28.1 22.8 19.3 16.8 14.6 12.7 11.1 9.6 8.3 7.1 6.0 5.1 4.2 3.6 3.1 2.8 2.6 2.3 2.0 1.6 1.2 0.9 0.8 0.8 0.7

taC/taT
intergenic_variant
4613.4 267.9 84.9 50.0 35.9 27.7 22.2 18.2 15.2 13.2 11.8 10.8 10.1 9.6 9.1 8.5 7.9 7.4 6.7 6.1 5.5 4.8 4.2 3.7 3.1 2.5 1.8 1.1 0.6 0.2

taC/taT
synonymous_variant
4825.4 204.0 57.4 32.5 22.3 16.8 13.7 11.9 10.7 9.8 9.0 8.1 7.1 6.1 5.1 4.1 3.4 2.8 2.4 2.0 1.8 1.6 1.4 1.2 1.1 0.9 0.7 0.5 0.3 0.1

caC/caT
intergenic_variant
4470.0 269.3 80.4 44.6 32.0 25.8 21.7 18.6 16.1 14.0 12.3 10.8 9.6 8.4 7.5 6.6 6.0 5.4 4.9 4.6 4.3 4.0 3.7 3.3 2.8 2.3 1.8 1.4 1.2 1.0

caC/caT
synonymous_variant
4638.0 212.9 63.9 36.4 26.1 20.2 15.8 12.3 9.6 7.8 6.8 6.1 5.8 5.4 5.0 4.5 4.0 3.4 2.8 2.2 1.7 1.2 0.9 0.6 0.4 0.2 0.1 0.1 0.1 0.4

aaC/aaT
intergenic_variant
5349.4 319.7 101.4 60.2 44.5 35.4 28.6 23.2 19.1 16.0 13.8 12.1 10.9 9.9 9.2 8.7 8.1 7.6 6.9 6.2 5.5 4.8 4.1 3.5 2.9 2.6 2.4 2.2 2.0 1.5

aaC/aaT
synonymous_variant
5606.5 242.1 67.6 38.0 26.1 19.9 16.4 14.1 12.4 10.9 9.5 8.1 6.9 6.0 5.2 4.7 4.2 3.8 3.4 3.1 2.7 2.3 1.9 1.5 1.1 0.8 0.6 0.6 0.7 0.7

gtG/gtA
intergenic_variant
2819.5 159.8 49.0 26.8 18.0 13.6 11.2 9.8 8.9 8.1 7.3 6.5 5.7 5.0 4.4 3.9 3.4 3.0 2.7 2.4 2.1 1.8 1.5 1.2 1.0 0.9 0.8 0.8 0.7 0.7

gtG/gtA
synonymous_variant
2919.7 125.8 35.0 18.7 12.1 8.9 7.3 6.4 5.6 5.0 4.3 3.7 3.2 2.8 2.5 2.3 2.2 2.1 2.0 2.0 1.8 1.7 1.4 1.1 0.8 0.5 0.4 0.3 0.4 0.5

ctG/ctA
intergenic_variant
3653.9 198.9 59.8 33.5 23.1 17.4 13.9 11.7 10.3 9.2 8.3 7.4 6.6 5.9 5.3 4.8 4.4 4.0 3.7 3.3 3.0 2.8 2.6 2.3 2.0 1.6 1.2 0.8 0.7 0.9

ctG/ctA
synonymous_variant
3768.6 164.1 44.4 24.2 17.5 14.5 12.5 10.7 8.9 7.1 5.6 4.3 3.5 2.9 2.6 2.4 2.1 1.9 1.6 1.2 0.9 0.7 0.6 0.5 0.5 0.4 0.3 0.2 0.1 0.0

ttG/ttA
intergenic_variant
1107.8 62.6 21.1 11.5 7.5 5.8 5.0 4.5 4.1 3.7 3.3 2.9 2.5 2.1 1.7 1.4 1.2 1.0 0.8 0.7 0.6 0.6 0.5 0.4 0.3 0.3 0.3 0.3 0.2 0.3

ttG/ttA
synonymous_variant
1163.4 45.3 11.6 6.2 4.3 3.4 2.9 2.6 2.4 2.2 2.0 1.7 1.5 1.2 0.9 0.7 0.6 0.5 0.4 0.4 0.4 0.4 0.3 0.3 0.2 0.1 0.1 0.0 0.0 0.0

ggG/ggA
intergenic_variant
2084.3 113.3 34.0 19.7 13.8 10.6 8.6 7.4 6.5 6.0 5.5 5.1 4.6 4.2 3.8 3.4 3.0 2.5 2.1 1.6 1.3 1.1 1.0 1.1 1.3 1.3 1.2 1.0 0.7 0.5

ggG/ggA
synonymous_variant
2158.0 95.4 25.2 13.8 9.9 8.1 6.9 5.9 4.9 4.0 3.3 2.7 2.3 1.9 1.6 1.4 1.2 1.0 0.8 0.7 0.6 0.4 0.3 0.2 0.1 0.1 0.0 0.0 0.0 0.0

agG/agA
intergenic_variant
1480.2 81.0 24.5 13.9 9.7 7.5 6.1 5.2 4.7 4.3 4.1 3.7 3.3 2.9 2.4 2.0 1.8 1.6 1.4 1.2 1.1 0.9 0.7 0.6 0.5 0.4 0.2 0.1 0.0 0.0

agG/agA
synonymous_variant
1508.7 71.6 21.7 12.8 9.3 7.1 5.6 4.6 3.9 3.4 2.9 2.5 2.2 1.8 1.5 1.3 1.1 0.9 0.8 0.7 0.5 0.4 0.3 0.2 0.1 0.0 0.0 0.0 0.0 0.0

cgG/cgA
intergenic_variant
973.9 55.2 18.0 10.8 7.7 5.8 4.5 3.6 2.9 2.6 2.4 2.3 2.2 2.2 2.2 2.1 2.0 1.8 1.6 1.4 1.2 1.0 0.8 0.7 0.6 0.5 0.4 0.3 0.2 0.1

cgG/cgA
synonymous_variant
1021.4 43.3 11.1 5.7 3.9 3.2 2.9 2.5 2.1 1.6 1.2 0.9 0.8 0.8 0.8 0.8 0.8 0.8 0.7 0.7 0.6 0.6 0.6 0.6 0.6 0.6 0.5 0.4 0.2 0.1

gcG/gcA
intergenic_variant
5914.9 362.4 112.6 65.5 47.6 37.7 31.1 26.4 22.8 20.0 17.7 15.7 14.0 12.4 10.8 9.4 8.1 7.0 6.0 5.2 4.6 4.0 3.4 2.8 2.2 1.7 1.1 0.7 0.5 0.7

gcG/gcA
synonymous_variant
6147.3 289.9 79.2 43.3 30.4 23.9 19.8 16.9 14.6 12.7 11.3 10.1 9.2 8.4 7.7 7.0 6.2 5.4 4.6 3.8 3.2 2.7 2.4 2.1 1.9 1.8 1.6 1.4 1.1 0.8

ccG/ccA
intergenic_variant
6570.0 410.5 129.5 74.3 52.6 41.5 34.8 30.3 26.6 23.3 20.2 17.3 14.7 12.5 10.5 9.0 7.7 6.7 6.0 5.5 5.0 4.6 4.1 3.6 3.1 2.7 2.3 1.9 1.6 1.5

ccG/ccA
synonymous_variant
6841.0 333.8 92.3 49.9 34.2 26.0 21.1 17.8 15.3 13.2 11.5 10.0 8.7 7.5 6.5 5.7 5.1 4.6 4.3 4.0 3.7 3.3 2.8 2.3 1.9 1.5 1.2 1.0 1.0 1.4

acG/acA
intergenic_variant
6308.7 381.4 116.2 65.7 47.5 38.9 33.3 28.6 24.4 20.6 17.6 15.2 13.5 12.1 11.1 10.2 9.5 8.7 7.9 7.1 6.3 5.4 4.6 4.0 3.5 3.1 2.6 2.1 1.6 1.1

acG/acA
synonymous_variant
6603.6 302.0 83.0 43.9 29.0 21.7 17.7 15.3 13.5 12.0 10.6 9.1 7.7 6.4 5.3 4.4 3.8 3.5 3.3 3.1 2.9 2.6 2.2 1.8 1.3 0.9 0.7 0.6 0.6 0.4

tcG/tcA
intergenic_variant
4342.9 267.8 79.8 45.4 33.3 26.7 21.9 17.9 14.7 12.2 10.3 8.8 7.7 6.8 6.0 5.3 4.7 4.2 3.9 3.6 3.3 3.0 2.7 2.3 1.8 1.3 0.9 0.6 0.6 0.8

tcG/tcA
synonymous_variant
4516.3 202.4 52.9 28.8 20.6 16.5 13.5 11.2 9.4 8.1 7.1 6.4 5.9 5.6 5.2 4.9 4.5 4.0 3.5 3.1 2.7 2.3 2.0 1.7 1.3 1.0 0.6 0.3 0.1 0.0

gaG/gaA
intergenic_variant
4678.4 249.8 76.4 46.2 34.8 27.8 22.5 18.4 15.2 12.8 11.0 9.6 8.4 7.5 6.7 6.0 5.3 4.7 4.1 3.7 3.3 3.0 2.7 2.5 2.3 2.1 1.9 1.7 1.5 1.4

gaG/gaA
synonymous_variant
4846.5 198.5 54.1 30.6 21.8 17.0 13.9 11.8 10.3 9.1 8.1 7.1 6.2 5.4 4.7 4.2 3.8 3.4 3.1 2.8 2.5 2.1 1.7 1.3 0.9 0.6 0.4 0.4 0.3 0.2

aaG/aaA
intergenic_variant
3400.2 181.8 55.0 30.9 21.1 15.8 12.4 10.0 8.4 7.1 6.1 5.3 4.5 3.7 3.0 2.4 1.9 1.6 1.5 1.5 1.6 1.9 2.0 2.0 1.7 1.3 0.8 0.5 0.4 0.7

aaG/aaA
synonymous_variant
3463.7 150.3 44.2 26.1 19.0 14.7 11.6 9.1 7.1 5.6 4.5 3.7 3.2 2.9 2.7 2.6 2.4 2.2 2.0 1.8 1.6 1.4 1.2 1.0 0.8 0.7 0.6 0.5 0.4 0.3

caG/caA
intergenic_variant
2961.8 166.4 47.5 24.8 16.1 11.6 9.2 8.0 7.3 6.9 6.4 5.8 5.2 4.6 4.1 3.6 3.2 2.8 2.5 2.3 2.1 1.8 1.5 1.1 0.8 0.5 0.4 0.4 0.5 0.8

caG/caA
synonymous_variant
3017.0 132.6 39.0 21.8 14.8 11.3 9.3 8.0 7.0 6.2 5.3 4.6 4.0 3.5 3.2 3.0 2.9 2.8 2.8 2.6 2.3 1.9 1.5 1.1 0.8 0.6 0.4 0.3 0.2 0.1

Ctg/Ttg
intergenic_variant
3369.2 186.8 56.2 30.8 21.6 17.2 14.5 12.5 10.8 9.4 8.1 7.1 6.2 5.4 4.7 4.1 3.6 3.1 2.7 2.2 1.9 1.5 1.3 1.0 0.8 0.7 0.5 0.4 0.3 0.2

Ctg/Ttg
synonymous_variant
3473.6 150.8 42.3 23.1 16.3 12.8 10.5 8.9 7.7 6.7 5.6 4.6 3.5 2.6 1.9 1.4 1.2 1.1 1.1 1.1 1.2 1.1 1.1 1.0 0.9 0.7 0.6 0.5 0.4 0.3

Cta/Tta
intergenic_variant
661.5 35.1 10.3 6.1 4.6 3.9 3.4 2.9 2.5 2.1 1.8 1.5 1.3 1.1 0.9 0.8 0.8 0.7 0.7 0.7 0.7 0.8 0.8 0.8 0.7 0.6 0.4 0.3 0.2 0.1

Cta/Tta
synonymous_variant
683.1 30.7 8.4 4.7 3.6 2.9 2.3 1.9 1.5 1.2 1.0 0.9 0.8 0.7 0.7 0.6 0.5 0.5 0.4 0.3 0.3 0.2 0.2 0.2 0.2 0.1 0.1 0.0 0.0 0.0

gcC/gcT
intergenic_variant
6493.7 378.2 114.0 64.0 44.3 33.8 27.5 23.4 20.3 18.1 16.2 14.8 13.5 12.3 11.2 10.3 9.3 8.4 7.5 6.5 5.5 4.4 3.5 2.7 2.2 1.8 1.7 1.5 1.2 0.8

gcC/gcT
synonymous_variant
6720.1 298.7 86.1 47.7 32.4 24.1 19.1 16.1 14.3 13.1 12.0 10.9 9.8 8.7 7.5 6.3 5.0 3.9 3.0 2.3 1.9 1.7 1.5 1.4 1.2 0.9 0.6 0.4 0.2 0.2

acC/acT
intergenic_variant
4592.8 287.9 90.1 49.2 33.5 25.4 20.5 17.2 14.8 13.1 11.7 10.6 9.6 8.6 7.6 6.6 5.7 4.8 4.1 3.5 3.1 2.9 2.7 2.5 2.4 2.2 1.9 1.5 1.3 1.3

acC/acT
synonymous_variant
4773.5 221.8 65.5 37.5 26.1 19.4 14.8 11.5 9.2 7.4 6.2 5.2 4.5 4.0 3.6 3.3 3.2 3.1 3.0 2.9 2.6 2.3 1.9 1.6 1.4 1.2 1.1 1.0 0.7 0.5

ccC/ccT
intergenic_variant
5139.1 310.9 96.8 55.0 38.5 29.5 23.7 19.7 16.8 14.5 12.7 11.4 10.4 9.6 9.0 8.4 7.6 6.8 5.8 4.8 3.9 3.1 2.5 2.0 1.5 1.2 1.0 0.8 0.5 0.2

ccC/ccT
synonymous_variant
5338.8 239.4 68.8 39.7 28.3 21.7 17.3 14.1 11.8 9.9 8.4 7.1 6.0 5.2 4.5 4.1 3.7 3.3 2.9 2.5 2.1 1.6 1.3 1.0 0.8 0.7 0.7 0.7 0.7 0.6

tcC/tcT
intergenic_variant
4085.4 248.0 79.9 46.0 32.6 25.7 21.4 18.4 16.1 14.3 12.8 11.4 10.1 8.8 7.6 6.4 5.2 4.3 3.4 2.7 2.1 1.7 1.5 1.3 1.3 1.2 1.0 0.7 0.4 0.2

tcC/tcT
synonymous_variant
4255.8 199.3 58.4 32.2 21.9 16.6 13.4 11.4 9.8 8.5 7.2 6.0 5.0 4.1 3.4 2.8 2.4 2.0 1.8 1.6 1.5 1.4 1.3 1.1 0.9 0.6 0.4 0.4 0.4 0.3

cgC/cgT
intergenic_variant
1808.1 116.3 38.6 22.4 15.6 11.5 8.6 6.7 5.3 4.4 3.9 3.6 3.4 3.2 3.0 2.8 2.5 2.2 1.9 1.6 1.3 1.2 1.1 1.1 1.1 1.0 0.9 0.8 0.7 0.6

cgC/cgT
synonymous_variant
1900.9 85.6 23.8 13.1 8.7 6.2 4.7 3.8 3.3 2.9 2.6 2.3 2.0 1.8 1.7 1.5 1.4 1.3 1.3 1.2 1.1 1.0 0.8 0.7 0.6 0.5 0.4 0.3 0.2 0.1

ggC/ggT
intergenic_variant
4293.8 257.6 83.5 48.0 34.2 27.0 22.5 19.2 16.6 14.5 12.7 11.2 10.0 8.9 7.9 7.0 6.1 5.2 4.5 4.0 3.7 3.4 3.2 2.9 2.6 2.4 2.1 1.8 1.6 1.3

ggC/ggT
synonymous_variant
4516.9 186.9 50.9 29.8 22.3 18.0 14.8 12.2 10.0 8.2 6.9 6.0 5.4 4.9 4.4 4.0 3.5 3.0 2.5 2.1 1.7 1.4 1.2 1.0 0.8 0.6 0.4 0.3 0.1 0.0

agC/agT
intergenic_variant
4357.0 263.7 81.2 45.3 32.7 26.8 23.2 20.6 18.3 16.0 13.7 11.6 9.7 8.1 6.8 5.7 4.9 4.3 3.9 3.7 3.5 3.4 3.3 3.0 2.6 2.0 1.5 1.2 1.0 0.9

agC/agT
synonymous_variant
4569.3 194.9 52.6 29.2 20.9 16.6 13.8 11.9 10.4 9.3 8.3 7.3 6.3 5.2 4.2 3.4 2.7 2.2 1.9 1.6 1.5 1.3 1.1 0.9 0.7 0.6 0.5 0.5 0.4 0.2

tgC/tgT
intergenic_variant
2584.2 162.2 49.8 27.6 19.4 15.2 12.6 10.8 9.4 8.2 7.3 6.5 5.7 5.1 4.5 3.9 3.4 2.9 2.4 2.0 1.7 1.4 1.3 1.1 1.1 1.1 1.1 1.1 1.0 0.8

tgC/tgT
synonymous_variant
2692.5 125.3 35.1 19.0 13.1 10.3 8.6 7.5 6.5 5.7 4.9 4.2 3.6 3.0 2.6 2.3 2.0 1.7 1.5 1.3 1.1 1.0 0.9 0.8 0.6 0.4 0.3 0.1 0.1 0.0

gtC/gtT
intergenic_variant
2397.7 140.5 40.4 21.9 14.7 11.1 9.0 7.7 6.9 6.3 5.8 5.5 5.1 4.7 4.3 3.7 3.1 2.5 2.0 1.5 1.2 1.0 0.9 0.9 0.8 0.7 0.5 0.3 0.1 0.0

gtC/gtT
synonymous_variant
2493.4 98.6 27.6 16.1 11.5 8.7 6.7 5.3 4.4 3.8 3.3 2.8 2.4 2.1 1.9 1.8 1.7 1.5 1.3 1.1 0.9 0.6 0.5 0.3 0.3 0.3 0.3 0.3 0.4 0.6

ttC/ttT
intergenic_variant
3808.5 222.1 70.4 40.4 28.2 21.8 17.9 15.3 13.2 11.5 10.0 8.6 7.6 6.7 6.0 5.4 4.9 4.5 4.1 3.7 3.3 2.8 2.3 1.8 1.3 1.0 0.8 0.7 0.6 0.6

ttC/ttT
synonymous_variant
3973.9 170.5 44.5 23.0 16.1 13.5 12.0 10.8 9.6 8.3 7.1 6.0 4.9 4.1 3.5 3.0 2.7 2.4 2.1 1.8 1.5 1.2 0.9 0.7 0.5 0.3 0.3 0.4 0.6 0.6

ctC/ctT
intergenic_variant
4051.4 223.4 68.4 39.9 29.2 23.1 18.9 15.9 13.7 12.1 10.6 9.2 7.9 6.7 5.6 4.7 4.0 3.4 2.9 2.4 2.1 1.8 1.7 1.6 1.5 1.5 1.3 1.0 0.6 0.3

ctC/ctT
synonymous_variant
4192.6 177.2 47.5 25.9 18.6 15.1 12.8 11.0 9.5 8.1 7.0 6.0 5.3 4.6 4.0 3.3 2.7 2.2 1.7 1.5 1.4 1.4 1.4 1.4 1.3 1.2 0.9 0.7 0.5 0.2

atC/atT
intergenic_variant
4326.2 249.4 77.2 43.2 29.7 23.0 19.2 16.7 14.6 12.8 11.0 9.6 8.3 7.4 6.6 5.9 5.3 4.7 4.3 4.0 3.7 3.5 3.2 2.9 2.5 2.1 1.8 1.6 1.4 1.1

atC/atT
synonymous_variant
4508.6 191.7 53.6 30.7 21.2 15.6 12.1 10.0 8.5 7.3 6.2 5.1 4.3 3.6 3.2 2.9 2.7 2.5 2.3 2.1 1.8 1.6 1.3 1.1 0.8 0.7 0.6 0.6 0.6 0.4

