intergenic_variant
17807564.0 2636992.0 846094.9 471905.5 311895.3 225993.8 173823.2 139494.2 115603.5 98282.8 85329.8 75405.4 67651.9 61495.1 56534.7 52481.0 49119.5 46288.3 43864.7 41755.7 39892.6 38224.7 36715.5 35338.9 34075.9 32912.2 31836.6 30839.9 29914.4 29053.6 28251.9 27504.6 26807.3 26155.7 25545.8 24973.0 24432.9 23920.7 23432.1 22963.1 22510.4 22071.3 21644.3 21228.5 20823.6 20430.2 20048.8 19680.1 19324.8 18983.1 18654.8 18339.3 18035.9 17743.5 17460.8 17186.7 16920.2 16660.5 16407.3 16160.5 15920.2 15686.8 15460.8 15242.7 15032.9 14831.7 14639.1 14454.8 14278.2 14108.5 13944.9 13786.3 13631.6 13480.0 13330.6 13182.8 13036.2 12890.7 12746.4 12603.3 12461.9 12322.4 12185.1 12050.0 11917.3 11786.7 11658.0 11530.9 11404.8 11279.3 11154.0 11028.6 10902.9 10777.0 10651.1 10525.6 10400.9 10277.7 10156.7 10038.4 9923.5 9812.3 9705.2 9602.3 9503.7 9409.2 9318.6 9231.4 9147.5 9066.3 8987.6 8911.0 8836.1 8762.6 8690.2 8618.7 8547.7 8476.9 8406.0 8335.0 8263.5 8191.5 8118.9 8045.7 7972.1 7898.3 7824.5 7751.0 7678.3 7606.7 7536.7 7468.4 7402.3 7338.5 7277.1 7218.1 7161.3 7106.4 7053.1 7001.0 6949.6 6898.6 6847.5 6796.1 6744.2 6691.6 6638.4 6584.7 6530.8 6476.8 6423.3 6370.7 6319.2 6269.3 6221.1 6174.6 6129.6 6085.8 6042.7 5999.6 5956.0 5911.4 5865.4 5817.8 5768.5 5717.5 5665.0 5610.9 5555.5 5498.8 5440.8 5381.5 5321.1 5259.5 5196.7 5132.8 5067.3 4999.8 4929.7 4856.3 4779.0 4697.3 4611.1 4520.6 4426.4 4328.9 4228.6 4125.5 4019.0 3907.9 3789.9 3661.8 3520.1 3362.0 3187.8 3001.7 2810.3 2617.2 2404.7 2084.6

upstream_gene_variant
983598.0 146427.0 47205.1 26387.2 17457.7 12657.2 9741.7 7825.0 6492.0 5524.6 4799.8 4243.8 3810.5 3468.6 3195.2 2973.0 2788.6 2632.2 2496.9 2378.1 2272.5 2178.2 2093.5 2017.0 1947.5 1883.9 1825.0 1769.8 1717.8 1668.4 1621.3 1576.4 1533.8 1493.7 1456.0 1421.0 1388.5 1358.4 1330.6 1304.6 1280.1 1256.8 1234.4 1212.7 1191.4 1170.6 1150.3 1130.4 1111.2 1092.6 1074.8 1057.7 1041.4 1025.7 1010.6 996.0 981.9 968.1 954.6 941.4 928.4 915.6 903.1 890.8 878.7 866.8 855.2 843.7 832.4 821.3 810.3 799.5 788.9 778.5 768.3 758.3 748.5 739.0 729.7 720.7 712.0 703.5 695.2 687.2 679.5 672.0 664.7 657.6 650.7 644.0 637.3 630.7 624.1 617.4 610.6 603.6 596.4 588.9 581.2 573.2 565.2 557.0 548.8 540.7 532.8 525.1 517.9 511.0 504.7 498.9 493.7 489.0 484.7 480.9 477.4 474.2 471.1 468.1 465.1 461.9 458.6 455.1 451.4 447.5 443.4 439.2 435.0 430.8 426.7 422.7 418.8 415.1 411.7 408.3 405.1 401.9 398.7 395.5 392.3 389.0 385.8 382.6 379.5 376.7 374.1 371.9 370.0 368.4 367.2 366.2 365.3 364.5 363.6 362.5 361.2 359.4 357.4 354.9 352.1 349.0 345.8 342.4 339.0 335.6 332.2 328.8 325.2 321.5 317.5 313.1 308.4 303.3 298.0 292.6 287.2 282.0 277.1 272.5 268.0 263.7 259.3 254.7 249.7 244.4 238.6 232.4 226.0 219.5 212.8 206.1 199.2 192.0 184.4 176.5 168.6 161.1 154.5 148.6 141.6 127.0

non_coding_transcript_exon_variant
128081.2 17840.7 5453.9 3010.5 1978.1 1429.2 1099.9 885.5 736.8 628.6 547.0 484.0 434.5 395.3 363.8 338.1 316.8 298.8 283.4 270.1 258.3 247.8 238.4 229.7 221.5 213.8 206.3 199.1 191.9 185.0 178.3 171.9 166.0 160.5 155.5 151.1 147.3 143.9 141.1 138.5 136.2 134.1 132.1 130.1 128.1 126.1 124.0 122.0 119.9 117.8 115.7 113.6 111.6 109.6 107.6 105.7 103.9 102.1 100.4 98.7 97.1 95.5 94.0 92.6 91.2 89.8 88.4 87.1 85.8 84.6 83.3 82.0 80.8 79.6 78.4 77.2 76.0 74.9 73.8 72.8 71.7 70.7 69.8 68.8 67.9 67.0 66.2 65.3 64.5 63.7 62.9 62.1 61.4 60.6 59.8 59.0 58.3 57.5 56.7 56.0 55.2 54.5 53.9 53.3 52.8 52.4 52.0 51.8 51.6 51.6 51.6 51.7 51.8 51.9 52.0 52.2 52.2 52.2 52.1 52.0 51.7 51.4 51.0 50.6 50.1 49.6 49.1 48.5 48.0 47.6 47.1 46.6 46.2 45.8 45.3 44.9 44.3 43.8 43.1 42.4 41.7 40.9 40.1 39.4 38.7 38.2 37.7 37.4 37.2 37.2 37.4 37.6 37.9 38.3 38.6 39.0 39.3 39.5 39.7 39.8 39.8 39.7 39.5 39.3 38.9 38.5 38.0 37.3 36.6 35.8 35.0 34.1 33.2 32.4 31.6 30.9 30.3 29.7 29.1 28.5 27.8 27.1 26.3 25.4 24.5 23.7 23.0 22.5 22.2 22.0 21.9 21.6 21.1 20.1 18.6 17.0 15.3 14.1 13.5 12.5

downstream_gene_variant
1091212.1 162862.5 52533.9 29340.2 19415.7 14104.0 10890.4 8778.6 7303.4 6223.8 5405.8 4770.8 4269.5 3869.1 3545.9 3281.8 3063.1 2879.0 2721.5 2584.6 2464.0 2356.8 2260.7 2174.3 2096.3 2025.7 1961.5 1902.7 1848.7 1798.5 1751.6 1707.6 1666.0 1626.7 1589.5 1554.4 1521.2 1489.8 1460.3 1432.4 1406.1 1381.0 1357.1 1334.1 1312.0 1290.5 1269.5 1248.9 1228.7 1208.7 1188.9 1169.2 1149.6 1130.2 1110.8 1091.6 1072.7 1054.1 1035.8 1018.1 1001.0 984.5 968.7 953.5 939.1 925.3 912.2 899.7 887.7 876.2 865.2 854.5 844.3 834.3 824.6 815.2 806.0 797.1 788.3 779.8 771.4 763.3 755.4 747.6 740.0 732.6 725.4 718.3 711.2 704.2 697.3 690.3 683.2 676.1 669.0 661.7 654.5 647.2 640.0 632.9 626.0 619.2 612.6 606.3 600.3 594.5 589.0 583.6 578.5 573.5 568.5 563.5 558.5 553.3 547.9 542.4 536.7 530.8 524.7 518.5 512.2 505.9 499.6 493.3 487.3 481.4 475.7 470.4 465.4 460.6 456.2 452.1 448.2 444.3 440.6 436.7 432.7 428.4 423.9 419.2 414.2 409.2 404.1 399.3 394.7 390.6 387.1 384.2 381.9 380.3 379.3 378.7 378.4 378.1 377.8 377.3 376.5 375.2 373.6 371.5 369.1 366.5 363.6 360.6 357.6 354.3 350.9 347.3 343.5 339.3 334.9 330.4 325.7 321.0 316.4 312.0 307.8 303.8 300.1 296.3 292.4 288.2 283.3 277.6 270.8 263.1 254.4 244.9 235.0 224.9 214.9 205.2 195.9 187.2 179.5 173.2 168.1 163.0 155.9 144.6

intron_variant
1438238.1 211065.0 66507.7 36597.9 23934.4 17207.4 13161.0 10513.6 8675.8 7347.6 6361.2 5613.5 5036.9 4584.5 4223.7 3931.2 3690.0 3487.4 3313.4 3160.3 3022.3 2895.7 2778.0 2668.2 2566.0 2471.5 2385.0 2306.5 2236.0 2173.1 2117.0 2066.9 2021.6 1980.0 1940.8 1903.1 1866.1 1829.0 1791.7 1754.0 1716.2 1678.4 1641.0 1604.3 1568.7 1534.4 1501.5 1470.3 1440.6 1412.5 1385.8 1360.4 1336.0 1312.6 1289.8 1267.7 1245.9 1224.6 1203.7 1183.2 1163.1 1143.5 1124.5 1106.1 1088.5 1071.7 1055.8 1040.7 1026.5 1013.2 1000.7 988.9 977.7 967.1 956.9 947.0 937.4 927.8 918.4 909.0 899.5 890.0 880.5 870.9 861.2 851.6 841.9 832.1 822.4 812.6 802.9 793.2 783.6 774.2 765.0 756.2 747.7 739.7 732.3 725.4 719.0 713.2 708.0 703.2 698.7 694.6 690.6 686.6 682.7 678.6 674.3 669.7 664.7 659.3 653.4 647.0 640.1 632.6 624.5 616.0 606.9 597.6 587.9 578.3 568.6 559.3 550.3 541.8 534.0 526.9 520.5 514.9 510.1 505.9 502.3 499.3 496.6 494.3 492.3 490.4 488.7 487.2 485.7 484.2 482.8 481.3 479.8 478.1 476.2 473.9 471.3 468.1 464.2 459.7 454.4 448.4 441.6 434.1 426.1 417.6 408.8 400.0 391.2 382.8 374.8 367.5 360.9 355.1 350.1 345.9 342.3 339.3 336.7 334.7 333.1 332.2 332.0 332.5 333.7 335.5 337.6 339.8 341.6 342.7 342.4 339.9 334.5 325.7 313.2 297.7 280.0 261.9 244.8 229.8 217.6 207.9 200.6 194.7 186.9 167.0

splice_acceptor_variant
80.6 7.4 0.8 0.1 0.0 0.0 0.0 0.0 0.0 0.1 0.1 0.1 0.1 0.2 0.2 0.2 0.2 0.2 0.2 0.1 0.1 0.1 0.1 0.1 0.1 0.1 0.1 0.1 0.1 0.1 0.1 0.1 0.0 0.0 0.0 0.0 0.0 0.0 0.0 0.0 0.0 0.0 0.0 0.0 0.0 0.0 0.0 0.0 0.0 0.0 0.0 0.0 0.0 0.0 0.0 0.0 0.0 0.0 0.0 0.0 0.0 0.0 0.0 0.0 0.0 0.0 0.0 0.0 0.0 0.0 0.0 0.0 0.0 0.0 0.0 0.0 0.0 0.0 0.0 0.0 0.0 0.0 0.0 0.0 0.0 0.0 0.0 0.0 0.0 0.0 0.0 0.0 0.0 0.0 0.0 0.0 0.0 0.0 0.0 0.0 0.0 0.0 0.0 0.0 0.0 0.0 0.0 0.0 0.0 0.0 0.0 0.0 0.0 0.0 0.0 0.0 0.0 0.0 0.0 0.0 0.0 0.0 0.0 0.0 0.0 0.0 0.0 0.0 0.0 0.0 0.0 0.0 0.0 0.0 0.0 0.0 0.0 0.0 0.0 0.0 0.0 0.0 0.0 0.0 0.0 0.0 0.0 0.0 0.0 0.0 0.0 0.0 0.0 0.0 0.0 0.0 0.0 0.0 0.0 0.0 0.0 0.0 0.0 0.0 0.0 0.0 0.0 0.0 0.0 0.0 0.0 0.0 0.0 0.0 0.0 0.0 0.0 0.0 0.0 0.0 0.0 0.0 0.0 0.0 0.0 0.0 0.0 0.0 0.0 0.0 0.0 0.0 0.0 0.0 0.0 0.0 0.0 0.0 0.0 0.0

missense_variant
2193.3 252.7 67.3 38.3 26.1 19.0 14.2 10.8 8.2 6.3 4.9 3.9 3.2 2.7 2.5 2.3 2.2 2.1 2.1 2.0 1.9 1.7 1.6 1.4 1.3 1.2 1.1 1.0 0.9 0.8 0.8 0.7 0.7 0.6 0.6 0.5 0.5 0.4 0.3 0.3 0.3 0.2 0.2 0.2 0.2 0.2 0.2 0.3 0.3 0.3 0.4 0.4 0.4 0.4 0.4 0.4 0.4 0.4 0.4 0.4 0.4 0.4 0.3 0.3 0.3 0.3 0.3 0.2 0.2 0.2 0.2 0.2 0.2 0.2 0.2 0.1 0.1 0.1 0.1 0.1 0.1 0.2 0.2 0.2 0.2 0.2 0.2 0.2 0.2 0.2 0.2 0.2 0.3 0.3 0.3 0.3 0.3 0.3 0.2 0.2 0.2 0.2 0.2 0.2 0.1 0.1 0.1 0.1 0.1 0.1 0.1 0.1 0.1 0.1 0.1 0.1 0.1 0.1 0.1 0.1 0.1 0.1 0.1 0.1 0.1 0.1 0.1 0.1 0.1 0.1 0.1 0.1 0.1 0.1 0.1 0.1 0.1 0.1 0.1 0.1 0.1 0.0 0.0 0.0 0.0 0.0 0.0 0.0 0.1 0.1 0.1 0.1 0.1 0.1 0.1 0.1 0.1 0.1 0.1 0.1 0.1 0.1 0.1 0.1 0.1 0.1 0.2 0.2 0.2 0.2 0.2 0.2 0.2 0.3 0.3 0.2 0.2 0.2 0.2 0.2 0.2 0.2 0.2 0.1 0.1 0.1 0.1 0.1 0.0 0.0 0.0 0.0 0.0 0.0 0.0 0.0 0.0 0.0 0.0 0.0

3_prime_UTR_variant
33225.3 4737.9 1475.4 806.8 519.1 366.6 276.5 218.7 179.0 150.3 129.0 112.8 100.4 90.8 83.3 77.3 72.5 68.5 65.0 61.8 58.8 55.8 52.9 50.1 47.4 44.8 42.3 40.0 37.8 35.8 34.0 32.4 31.0 29.8 28.8 28.0 27.3 26.8 26.4 26.1 25.8 25.6 25.4 25.2 25.0 24.8 24.5 24.2 23.8 23.4 22.9 22.5 22.0 21.4 20.9 20.4 20.0 19.6 19.3 19.0 18.8 18.7 18.5 18.4 18.3 18.1 17.9 17.6 17.3 17.0 16.6 16.2 15.7 15.3 14.9 14.5 14.2 13.9 13.6 13.4 13.3 13.2 13.1 13.0 12.9 12.9 12.8 12.8 12.7 12.7 12.6 12.6 12.5 12.5 12.4 12.4 12.4 12.3 12.3 12.2 12.1 12.1 12.0 12.0 11.9 11.8 11.8 11.7 11.6 11.5 11.4 11.3 11.2 11.1 11.0 10.8 10.7 10.6 10.4 10.3 10.1 10.0 9.8 9.7 9.5 9.3 9.2 9.0 8.9 8.7 8.5 8.4 8.2 8.1 8.0 7.8 7.8 7.7 7.7 7.6 7.6 7.7 7.7 7.7 7.7 7.7 7.7 7.6 7.6 7.5 7.4 7.3 7.1 7.0 6.8 6.7 6.5 6.3 6.2 6.1 6.0 5.9 5.8 5.8 5.8 5.8 5.8 5.9 5.9 6.0 6.1 6.3 6.4 6.6 6.9 7.1 7.4 7.6 7.7 7.8 7.7 7.6 7.3 7.0 6.6 6.3 6.0 5.6 5.3 5.0 4.7 4.4 4.1 3.8 3.6 3.5 3.6 3.9 4.1 4.1

5_prime_UTR_variant
2178.1 303.0 91.9 49.7 31.8 22.5 17.1 13.7 11.2 9.3 7.8 6.5 5.5 4.8 4.2 3.8 3.5 3.3 3.2 3.1 3.0 2.8 2.7 2.6 2.4 2.3 2.2 2.2 2.2 2.3 2.3 2.4 2.5 2.5 2.5 2.5 2.4 2.3 2.3 2.2 2.1 2.0 2.0 1.9 1.9 2.0 2.0 2.1 2.1 2.2 2.3 2.3 2.4 2.4 2.4 2.3 2.3 2.2 2.1 2.0 1.9 1.8 1.7 1.6 1.5 1.5 1.4 1.3 1.3 1.2 1.2 1.1 1.1 1.0 1.0 0.9 0.9 0.8 0.8 0.8 0.8 0.8 0.8 0.8 0.8 0.8 0.8 0.8 0.8 0.8 0.8 0.8 0.8 0.8 0.8 0.8 0.8 0.8 0.8 0.8 0.8 0.7 0.7 0.7 0.7 0.6 0.6 0.6 0.5 0.5 0.5 0.5 0.5 0.5 0.5 0.5 0.5 0.5 0.5 0.5 0.5 0.5 0.5 0.5 0.4 0.4 0.5 0.5 0.5 0.5 0.5 0.6 0.6 0.6 0.7 0.7 0.8 0.8 0.8 0.8 0.8 0.8 0.7 0.7 0.7 0.7 0.6 0.6 0.6 0.6 0.5 0.5 0.5 0.5 0.5 0.5 0.5 0.4 0.4 0.4 0.4 0.4 0.4 0.4 0.4 0.4 0.5 0.5 0.5 0.6 0.6 0.6 0.6 0.6 0.6 0.6 0.5 0.5 0.5 0.4 0.4 0.3 0.3 0.3 0.3 0.2 0.2 0.2 0.2 0.3 0.3 0.4 0.4 0.4 0.4 0.4 0.4 0.5 0.6 0.5

splice_donor_variant
98.7 8.7 1.9 1.0 0.5 0.3 0.2 0.2 0.2 0.1 0.1 0.1 0.1 0.0 0.0 0.0 0.0 0.0 0.0 0.0 0.1 0.1 0.1 0.1 0.1 0.1 0.1 0.1 0.1 0.1 0.0 0.0 0.0 0.0 0.0 0.0 0.0 0.0 0.0 0.0 0.0 0.0 0.0 0.0 0.0 0.0 0.0 0.0 0.0 0.0 0.0 0.0 0.0 0.0 0.0 0.0 0.0 0.0 0.0 0.0 0.0 0.0 0.0 0.0 0.0 0.0 0.0 0.0 0.0 0.0 0.0 0.0 0.0 0.0 0.0 0.0 0.0 0.0 0.0 0.0 0.1 0.1 0.1 0.1 0.1 0.1 0.1 0.1 0.0 0.0 0.0 0.0 0.0 0.0 0.0 0.0 0.0 0.0 0.0 0.0 0.0 0.0 0.0 0.0 0.0 0.0 0.0 0.0 0.0 0.0 0.0 0.0 0.0 0.0 0.0 0.0 0.0 0.0 0.0 0.0 0.0 0.0 0.0 0.0 0.0 0.0 0.0 0.0 0.0 0.0 0.0 0.0 0.0 0.0 0.0 0.0 0.0 0.0 0.0 0.0 0.0 0.0 0.0 0.0 0.0 0.0 0.0 0.0 0.0 0.0 0.0 0.0 0.0 0.0 0.0 0.0 0.0 0.0 0.0 0.0 0.0 0.0 0.0 0.0 0.0 0.0 0.0 0.0 0.0 0.0 0.0 0.0 0.0 0.0 0.0 0.0 0.0 0.0 0.0 0.0 0.0 0.0 0.0 0.0 0.0 0.0 0.0 0.0 0.0 0.0 0.0 0.0 0.0 0.0 0.0 0.0 0.0 0.0 0.0 0.0

synonymous_variant
1072.3 140.2 40.1 20.0 11.9 8.0 6.0 4.7 3.8 3.1 2.7 2.4 2.2 2.0 1.8 1.7 1.5 1.4 1.3 1.1 1.0 0.9 0.8 0.7 0.6 0.6 0.6 0.6 0.6 0.6 0.6 0.6 0.6 0.6 0.6 0.6 0.6 0.6 0.5 0.5 0.4 0.4 0.3 0.3 0.3 0.2 0.2 0.2 0.2 0.2 0.2 0.2 0.2 0.2 0.2 0.2 0.2 0.2 0.2 0.2 0.2 0.2 0.2 0.2 0.2 0.2 0.1 0.1 0.1 0.1 0.1 0.1 0.1 0.1 0.1 0.1 0.1 0.1 0.1 0.1 0.1 0.1 0.1 0.1 0.1 0.1 0.2 0.2 0.2 0.2 0.2 0.2 0.2 0.3 0.3 0.3 0.3 0.3 0.3 0.3 0.3 0.3 0.3 0.3 0.3 0.3 0.2 0.2 0.2 0.2 0.2 0.2 0.2 0.2 0.1 0.1 0.1 0.1 0.1 0.1 0.1 0.1 0.1 0.0 0.0 0.0 0.0 0.0 0.0 0.0 0.0 0.0 0.0 0.0 0.0 0.0 0.0 0.0 0.0 0.0 0.0 0.0 0.0 0.0 0.0 0.0 0.0 0.0 0.0 0.0 0.0 0.0 0.0 0.0 0.0 0.0 0.0 0.0 0.0 0.0 0.0 0.0 0.0 0.0 0.0 0.0 0.0 0.0 0.0 0.0 0.1 0.1 0.1 0.1 0.1 0.1 0.1 0.1 0.1 0.1 0.0 0.0 0.0 0.0 0.0 0.0 0.0 0.0 0.0 0.1 0.1 0.1 0.1 0.2 0.1 0.1 0.1 0.0 0.0 0.0

mature_miRNA_variant
223.9 34.0 11.6 6.7 4.5 3.3 2.7 2.4 2.2 2.1 2.0 1.9 1.7 1.6 1.4 1.3 1.1 1.0 0.8 0.7 0.5 0.4 0.3 0.2 0.2 0.1 0.1 0.1 0.1 0.1 0.1 0.1 0.2 0.2 0.3 0.3 0.3 0.4 0.4 0.4 0.4 0.4 0.5 0.5 0.5 0.5 0.4 0.4 0.4 0.4 0.4 0.4 0.4 0.4 0.4 0.4 0.4 0.3 0.3 0.3 0.3 0.3 0.3 0.3 0.3 0.3 0.3 0.3 0.3 0.3 0.3 0.3 0.3 0.3 0.3 0.3 0.3 0.3 0.3 0.2 0.2 0.2 0.2 0.2 0.2 0.2 0.2 0.2 0.1 0.1 0.1 0.1 0.1 0.1 0.1 0.1 0.1 0.1 0.1 0.1 0.1 0.1 0.1 0.1 0.1 0.1 0.1 0.1 0.1 0.1 0.1 0.1 0.1 0.1 0.1 0.0 0.0 0.0 0.0 0.0 0.0 0.0 0.0 0.0 0.0 0.0 0.0 0.0 0.0 0.0 0.0 0.0 0.0 0.0 0.0 0.0 0.0 0.0 0.0 0.0 0.0 0.1 0.1 0.1 0.1 0.1 0.1 0.1 0.1 0.1 0.1 0.1 0.1 0.1 0.1 0.1 0.1 0.1 0.1 0.1 0.1 0.1 0.0 0.0 0.0 0.0 0.0 0.0 0.0 0.0 0.0 0.0 0.0 0.0 0.0 0.0 0.0 0.0 0.0 0.0 0.1 0.1 0.1 0.1 0.1 0.1 0.1 0.1 0.1 0.0 0.0 0.0 0.0 0.0 0.1 0.1 0.2 0.2 0.2 0.1

transcript_ablation
69.2 11.6 3.2 1.4 0.7 0.4 0.2 0.1 0.1 0.0 0.0 0.0 0.0 0.0 0.0 0.0 0.0 0.0 0.0 0.0 0.0 0.0 0.1 0.1 0.1 0.1 0.1 0.1 0.1 0.1 0.1 0.1 0.1 0.1 0.1 0.1 0.1 0.1 0.1 0.0 0.0 0.0 0.0 0.0 0.0 0.0 0.0 0.0 0.0 0.0 0.0 0.0 0.0 0.0 0.0 0.0 0.1 0.1 0.1 0.1 0.1 0.1 0.1 0.1 0.1 0.0 0.0 0.0 0.0 0.0 0.0 0.0 0.0 0.0 0.0 0.0 0.0 0.0 0.0 0.0 0.0 0.0 0.1 0.1 0.1 0.1 0.1 0.1 0.1 0.1 0.1 0.1 0.1 0.1 0.1 0.1 0.1 0.1 0.1 0.1 0.1 0.1 0.1 0.1 0.1 0.1 0.1 0.0 0.0 0.0 0.0 0.0 0.0 0.0 0.0 0.0 0.0 0.0 0.0 0.0 0.0 0.0 0.0 0.0 0.0 0.0 0.0 0.0 0.0 0.0 0.0 0.0 0.0 0.0 0.0 0.0 0.0 0.0 0.0 0.0 0.0 0.0 0.0 0.0 0.0 0.0 0.0 0.0 0.0 0.0 0.0 0.0 0.0 0.0 0.0 0.0 0.0 0.0 0.0 0.0 0.0 0.0 0.0 0.0 0.0 0.0 0.0 0.0 0.0 0.0 0.0 0.0 0.0 0.0 0.0 0.0 0.0 0.0 0.0 0.0 0.0 0.0 0.0 0.0 0.0 0.0 0.0 0.0 0.0 0.0 0.0 0.0 0.0 0.0 0.0 0.0 0.0 0.0 0.0 0.0

stop_gained
69.9 6.3 0.9 0.3 0.2 0.2 0.1 0.0 0.0 0.0 0.0 0.0 0.0 0.0 0.0 0.0 0.0 0.0 0.0 0.0 0.0 0.0 0.1 0.1 0.1 0.1 0.1 0.1 0.1 0.1 0.1 0.1 0.0 0.0 0.0 0.0 0.0 0.0 0.0 0.0 0.0 0.0 0.0 0.0 0.0 0.0 0.0 0.0 0.0 0.0 0.0 0.0 0.0 0.0 0.0 0.0 0.0 0.0 0.0 0.0 0.0 0.0 0.0 0.0 0.0 0.0 0.0 0.0 0.0 0.0 0.0 0.0 0.0 0.0 0.0 0.0 0.0 0.0 0.0 0.0 0.0 0.0 0.0 0.0 0.0 0.0 0.0 0.0 0.0 0.0 0.0 0.0 0.0 0.0 0.0 0.0 0.0 0.0 0.0 0.0 0.0 0.0 0.0 0.0 0.0 0.0 0.0 0.0 0.0 0.0 0.0 0.0 0.0 0.0 0.0 0.0 0.0 0.0 0.0 0.0 0.0 0.0 0.0 0.0 0.0 0.0 0.0 0.0 0.0 0.0 0.0 0.0 0.0 0.0 0.0 0.0 0.0 0.0 0.0 0.0 0.0 0.0 0.0 0.0 0.0 0.0 0.0 0.0 0.0 0.0 0.0 0.0 0.0 0.0 0.0 0.0 0.0 0.0 0.0 0.0 0.0 0.0 0.0 0.0 0.0 0.0 0.0 0.0 0.0 0.0 0.0 0.0 0.0 0.0 0.0 0.0 0.0 0.0 0.0 0.0 0.0 0.0 0.0 0.0 0.0 0.0 0.0 0.0 0.0 0.0 0.0 0.0 0.0 0.0 0.0 0.0 0.0 0.0 0.0 0.0

start_lost
29.5 3.7 1.0 0.5 0.2 0.1 0.0 0.0 0.0 0.0 0.0 0.0 0.0 0.0 0.0 0.0 0.0 0.0 0.0 0.0 0.0 0.0 0.0 0.0 0.0 0.0 0.0 0.0 0.0 0.0 0.0 0.0 0.0 0.0 0.0 0.0 0.0 0.0 0.0 0.0 0.0 0.0 0.0 0.0 0.0 0.0 0.0 0.0 0.0 0.0 0.0 0.0 0.0 0.0 0.0 0.0 0.0 0.0 0.0 0.0 0.0 0.0 0.0 0.0 0.0 0.0 0.0 0.0 0.0 0.0 0.0 0.0 0.0 0.0 0.0 0.0 0.0 0.0 0.0 0.0 0.0 0.0 0.0 0.0 0.0 0.0 0.0 0.0 0.0 0.0 0.0 0.0 0.0 0.0 0.0 0.0 0.0 0.0 0.0 0.0 0.0 0.0 0.0 0.0 0.0 0.0 0.0 0.0 0.0 0.0 0.0 0.0 0.0 0.0 0.0 0.0 0.0 0.0 0.0 0.0 0.0 0.0 0.0 0.0 0.0 0.0 0.0 0.0 0.0 0.0 0.0 0.0 0.0 0.0 0.0 0.0 0.0 0.0 0.0 0.0 0.0 0.0 0.0 0.0 0.0 0.0 0.0 0.0 0.0 0.0 0.0 0.0 0.1 0.1 0.1 0.1 0.1 0.1 0.1 0.1 0.1 0.0 0.0 0.0 0.0 0.0 0.0 0.0 0.0 0.0 0.0 0.0 0.0 0.0 0.0 0.0 0.0 0.0 0.0 0.0 0.0 0.0 0.0 0.0 0.0 0.0 0.0 0.0 0.0 0.0 0.0 0.0 0.0 0.0 0.0 0.0 0.0 0.0 0.0 0.0

stop_lost
22.0 3.0 0.7 0.4 0.3 0.3 0.3 0.3 0.2 0.2 0.2 0.1 0.1 0.0 0.0 0.0 0.0 0.0 0.0 0.0 0.0 0.0 0.0 0.0 0.0 0.0 0.0 0.0 0.0 0.0 0.0 0.0 0.0 0.0 0.0 0.0 0.0 0.0 0.0 0.0 0.0 0.0 0.0 0.0 0.0 0.0 0.0 0.0 0.0 0.0 0.0 0.0 0.0 0.0 0.0 0.0 0.0 0.0 0.0 0.0 0.0 0.0 0.0 0.0 0.0 0.0 0.0 0.0 0.0 0.0 0.0 0.0 0.0 0.0 0.0 0.0 0.0 0.0 0.0 0.0 0.0 0.0 0.0 0.0 0.0 0.0 0.0 0.0 0.0 0.0 0.1 0.1 0.1 0.1 0.1 0.1 0.1 0.0 0.0 0.0 0.0 0.0 0.0 0.0 0.0 0.0 0.0 0.0 0.0 0.0 0.0 0.0 0.0 0.0 0.0 0.0 0.0 0.0 0.0 0.0 0.0 0.0 0.0 0.0 0.0 0.0 0.0 0.0 0.0 0.0 0.0 0.0 0.0 0.0 0.0 0.0 0.0 0.0 0.0 0.0 0.0 0.0 0.0 0.0 0.0 0.0 0.0 0.0 0.0 0.0 0.0 0.0 0.0 0.0 0.0 0.0 0.0 0.0 0.0 0.0 0.0 0.0 0.0 0.0 0.0 0.0 0.0 0.0 0.0 0.0 0.0 0.0 0.0 0.0 0.0 0.0 0.0 0.0 0.0 0.0 0.0 0.0 0.0 0.0 0.0 0.0 0.0 0.0 0.0 0.0 0.0 0.0 0.0 0.0 0.0 0.0 0.0 0.0 0.0 0.0

stop_retained_variant
13.9 2.3 1.1 0.8 0.6 0.4 0.3 0.2 0.2 0.1 0.1 0.1 0.0 0.0 0.0 0.0 0.0 0.0 0.0 0.0 0.0 0.0 0.0 0.0 0.0 0.0 0.0 0.0 0.0 0.0 0.0 0.0 0.0 0.0 0.0 0.0 0.0 0.0 0.0 0.0 0.0 0.0 0.0 0.0 0.0 0.0 0.0 0.0 0.0 0.0 0.0 0.0 0.0 0.0 0.0 0.0 0.0 0.0 0.0 0.0 0.0 0.0 0.0 0.0 0.0 0.0 0.0 0.0 0.0 0.0 0.0 0.0 0.0 0.0 0.0 0.0 0.0 0.0 0.0 0.0 0.0 0.0 0.0 0.0 0.0 0.0 0.0 0.0 0.0 0.0 0.0 0.0 0.0 0.0 0.0 0.0 0.0 0.0 0.0 0.0 0.0 0.0 0.0 0.0 0.0 0.0 0.0 0.0 0.0 0.0 0.0 0.0 0.0 0.0 0.0 0.0 0.0 0.0 0.0 0.0 0.0 0.0 0.0 0.0 0.0 0.0 0.0 0.0 0.0 0.0 0.0 0.0 0.0 0.0 0.0 0.0 0.0 0.0 0.0 0.0 0.0 0.0 0.0 0.0 0.0 0.0 0.0 0.0 0.0 0.0 0.0 0.0 0.0 0.0 0.0 0.0 0.0 0.0 0.0 0.0 0.0 0.0 0.0 0.0 0.0 0.0 0.0 0.0 0.0 0.0 0.0 0.0 0.0 0.0 0.0 0.0 0.0 0.0 0.0 0.0 0.0 0.0 0.0 0.0 0.0 0.0 0.0 0.0 0.0 0.0 0.0 0.0 0.0 0.0 0.0 0.0 0.0 0.0 0.0 0.0

non_coding_transcript_variant
14.0 2.5 0.8 0.4 0.3 0.3 0.2 0.2 0.1 0.1 0.1 0.0 0.0 0.0 0.0 0.0 0.0 0.0 0.0 0.0 0.0 0.0 0.0 0.0 0.0 0.0 0.0 0.0 0.0 0.0 0.0 0.0 0.0 0.0 0.0 0.0 0.0 0.0 0.0 0.0 0.0 0.0 0.0 0.0 0.0 0.0 0.0 0.1 0.1 0.1 0.1 0.1 0.1 0.1 0.1 0.1 0.0 0.0 0.0 0.0 0.0 0.0 0.0 0.0 0.0 0.0 0.0 0.0 0.0 0.0 0.0 0.0 0.0 0.0 0.0 0.0 0.0 0.0 0.0 0.0 0.0 0.0 0.0 0.0 0.0 0.0 0.0 0.0 0.0 0.0 0.0 0.0 0.0 0.0 0.0 0.0 0.0 0.0 0.0 0.0 0.0 0.0 0.0 0.0 0.0 0.0 0.0 0.0 0.0 0.0 0.0 0.0 0.0 0.0 0.0 0.0 0.0 0.0 0.0 0.0 0.0 0.0 0.0 0.0 0.0 0.0 0.0 0.0 0.0 0.0 0.0 0.0 0.0 0.0 0.0 0.0 0.0 0.0 0.0 0.0 0.0 0.0 0.0 0.0 0.0 0.0 0.0 0.0 0.0 0.0 0.0 0.0 0.0 0.0 0.0 0.0 0.0 0.0 0.0 0.0 0.0 0.0 0.0 0.0 0.0 0.0 0.0 0.0 0.0 0.0 0.0 0.0 0.0 0.0 0.0 0.0 0.0 0.0 0.0 0.0 0.0 0.0 0.0 0.0 0.0 0.0 0.0 0.0 0.0 0.0 0.0 0.0 0.0 0.0 0.0 0.0 0.0 0.0 0.0 0.0

frameshift_variant
19.8 7.6 4.0 3.0 2.3 1.6 1.1 0.7 0.4 0.3 0.2 0.2 0.2 0.2 0.2 0.2 0.2 0.2 0.2 0.1 0.1 0.1 0.1 0.1 0.1 0.1 0.1 0.1 0.1 0.2 0.2 0.2 0.2 0.1 0.1 0.1 0.1 0.1 0.1 0.1 0.0 0.0 0.0 0.0 0.0 0.0 0.0 0.0 0.1 0.1 0.1 0.1 0.1 0.1 0.1 0.1 0.1 0.0 0.0 0.0 0.0 0.0 0.0 0.0 0.0 0.0 0.0 0.0 0.0 0.0 0.0 0.0 0.0 0.0 0.0 0.0 0.1 0.1 0.1 0.1 0.1 0.1 0.1 0.1 0.1 0.1 0.1 0.1 0.1 0.1 0.1 0.1 0.1 0.1 0.1 0.1 0.1 0.1 0.1 0.1 0.1 0.1 0.1 0.1 0.1 0.1 0.1 0.1 0.1 0.1 0.1 0.1 0.1 0.1 0.1 0.1 0.1 0.1 0.1 0.1 0.0 0.0 0.0 0.0 0.0 0.0 0.0 0.0 0.0 0.0 0.0 0.0 0.0 0.0 0.0 0.0 0.0 0.0 0.0 0.0 0.0 0.0 0.0 0.0 0.0 0.0 0.0 0.0 0.0 0.0 0.0 0.0 0.0 0.0 0.0 0.0 0.0 0.0 0.0 0.0 0.0 0.0 0.0 0.0 0.0 0.0 0.0 0.0 0.0 0.0 0.0 0.0 0.0 0.0 0.0 0.0 0.0 0.0 0.0 0.0 0.0 0.0 0.0 0.0 0.0 0.0 0.0 0.0 0.0 0.0 0.0 0.0 0.0 0.0 0.0 0.0 0.0 0.0 0.0 0.0

inframe_deletion
7.0 2.4 0.8 0.5 0.3 0.3 0.2 0.2 0.1 0.1 0.1 0.0 0.0 0.0 0.0 0.0 0.0 0.0 0.0 0.0 0.0 0.0 0.0 0.0 0.0 0.1 0.1 0.1 0.1 0.1 0.1 0.1 0.1 0.1 0.1 0.0 0.0 0.0 0.0 0.0 0.0 0.1 0.1 0.1 0.1 0.1 0.1 0.1 0.1 0.1 0.1 0.0 0.0 0.0 0.0 0.0 0.0 0.0 0.0 0.0 0.0 0.0 0.0 0.0 0.0 0.0 0.0 0.0 0.0 0.0 0.0 0.0 0.0 0.0 0.0 0.0 0.0 0.0 0.0 0.0 0.0 0.0 0.0 0.0 0.0 0.0 0.0 0.0 0.0 0.0 0.0 0.0 0.0 0.0 0.0 0.0 0.0 0.0 0.0 0.0 0.0 0.0 0.0 0.0 0.0 0.0 0.0 0.0 0.0 0.0 0.0 0.0 0.0 0.0 0.0 0.0 0.0 0.0 0.0 0.0 0.0 0.0 0.0 0.0 0.0 0.0 0.0 0.0 0.0 0.0 0.0 0.0 0.0 0.0 0.0 0.0 0.0 0.0 0.0 0.0 0.0 0.0 0.0 0.0 0.0 0.0 0.0 0.0 0.0 0.0 0.0 0.0 0.0 0.0 0.0 0.0 0.0 0.0 0.0 0.0 0.0 0.0 0.0 0.0 0.0 0.0 0.0 0.0 0.0 0.0 0.0 0.0 0.0 0.0 0.0 0.0 0.0 0.0 0.0 0.0 0.0 0.0 0.0 0.0 0.0 0.0 0.0 0.0 0.0 0.0 0.0 0.0 0.0 0.0 0.0 0.0 0.0 0.0 0.0 0.0

inframe_insertion
1.5 0.9 0.4 0.1 0.0 0.0 0.0 0.0 0.0 0.0 0.0 0.0 0.0 0.0 0.0 0.0 0.0 0.0 0.0 0.0 0.0 0.0 0.0 0.0 0.0 0.0 0.0 0.0 0.0 0.0 0.0 0.0 0.0 0.0 0.0 0.0 0.0 0.0 0.0 0.0 0.0 0.0 0.0 0.0 0.0 0.0 0.0 0.0 0.0 0.0 0.0 0.0 0.0 0.0 0.1 0.1 0.1 0.1 0.1 0.1 0.1 0.1 0.1 0.0 0.0 0.0 0.0 0.0 0.0 0.0 0.0 0.0 0.0 0.0 0.1 0.1 0.1 0.1 0.1 0.1 0.1 0.1 0.0 0.0 0.0 0.0 0.0 0.0 0.0 0.0 0.0 0.0 0.0 0.0 0.0 0.0 0.0 0.0 0.0 0.0 0.0 0.0 0.0 0.0 0.0 0.0 0.0 0.0 0.0 0.0 0.0 0.0 0.0 0.0 0.0 0.0 0.0 0.0 0.0 0.0 0.0 0.0 0.0 0.0 0.0 0.0 0.0 0.0 0.0 0.0 0.0 0.0 0.0 0.0 0.0 0.0 0.0 0.0 0.0 0.0 0.0 0.0 0.0 0.0 0.0 0.0 0.0 0.0 0.0 0.0 0.0 0.0 0.0 0.0 0.0 0.0 0.0 0.0 0.0 0.0 0.0 0.0 0.0 0.0 0.0 0.0 0.0 0.0 0.0 0.0 0.0 0.0 0.0 0.0 0.0 0.0 0.0 0.0 0.0 0.0 0.0 0.0 0.0 0.0 0.0 0.0 0.0 0.0 0.0 0.0 0.0 0.0 0.0 0.0 0.0 0.0 0.0 0.0 0.0 0.0

transcript_amplification
8.1 0.7 0.1 0.0 0.0 0.0 0.0 0.0 0.0 0.0 0.0 0.0 0.0 0.0 0.0 0.0 0.0 0.0 0.0 0.0 0.0 0.0 0.0 0.0 0.0 0.0 0.0 0.0 0.0 0.0 0.0 0.0 0.0 0.0 0.0 0.0 0.0 0.0 0.0 0.0 0.0 0.0 0.0 0.0 0.0 0.0 0.0 0.0 0.0 0.0 0.0 0.0 0.0 0.0 0.0 0.0 0.0 0.0 0.0 0.0 0.0 0.0 0.0 0.0 0.0 0.0 0.0 0.0 0.0 0.0 0.0 0.0 0.0 0.0 0.0 0.0 0.0 0.0 0.0 0.0 0.0 0.0 0.0 0.0 0.0 0.0 0.0 0.0 0.0 0.0 0.0 0.0 0.0 0.0 0.0 0.0 0.0 0.0 0.0 0.0 0.0 0.0 0.0 0.0 0.0 0.0 0.0 0.0 0.0 0.0 0.0 0.0 0.0 0.0 0.0 0.0 0.0 0.0 0.0 0.0 0.0 0.0 0.0 0.0 0.0 0.0 0.0 0.0 0.0 0.0 0.0 0.0 0.0 0.0 0.0 0.0 0.0 0.0 0.0 0.0 0.0 0.0 0.0 0.0 0.0 0.0 0.0 0.0 0.0 0.0 0.0 0.0 0.0 0.0 0.0 0.0 0.0 0.0 0.0 0.0 0.0 0.0 0.0 0.0 0.0 0.0 0.0 0.0 0.0 0.0 0.0 0.0 0.0 0.0 0.0 0.0 0.0 0.0 0.0 0.0 0.0 0.0 0.0 0.0 0.0 0.0 0.0 0.0 0.0 0.0 0.0 0.0 0.0 0.0 0.0 0.0 0.0 0.0 0.0 0.0

coding_transcript_variant
0.9 0.1 0.0 0.0 0.0 0.0 0.0 0.0 0.0 0.0 0.0 0.0 0.0 0.0 0.0 0.0 0.0 0.0 0.0 0.0 0.0 0.0 0.0 0.0 0.0 0.0 0.0 0.0 0.0 0.0 0.0 0.0 0.0 0.0 0.0 0.0 0.0 0.0 0.0 0.0 0.0 0.0 0.0 0.0 0.0 0.0 0.0 0.0 0.0 0.0 0.0 0.0 0.0 0.0 0.0 0.0 0.0 0.0 0.0 0.0 0.0 0.0 0.0 0.0 0.0 0.0 0.0 0.0 0.0 0.0 0.0 0.0 0.0 0.0 0.0 0.0 0.0 0.0 0.0 0.0 0.0 0.0 0.0 0.0 0.0 0.0 0.0 0.0 0.0 0.0 0.0 0.0 0.0 0.0 0.0 0.0 0.0 0.0 0.0 0.0 0.0 0.0 0.0 0.0 0.0 0.0 0.0 0.0 0.0 0.0 0.0 0.0 0.0 0.0 0.0 0.0 0.0 0.0 0.0 0.0 0.0 0.0 0.0 0.0 0.0 0.0 0.0 0.0 0.0 0.0 0.0 0.0 0.0 0.0 0.0 0.0 0.0 0.0 0.0 0.0 0.0 0.0 0.0 0.0 0.0 0.0 0.0 0.0 0.0 0.0 0.0 0.0 0.0 0.0 0.0 0.0 0.0 0.0 0.0 0.0 0.0 0.0 0.0 0.0 0.0 0.0 0.0 0.0 0.0 0.0 0.0 0.0 0.0 0.0 0.0 0.0 0.0 0.0 0.0 0.0 0.0 0.0 0.0 0.0 0.0 0.0 0.0 0.0 0.0 0.0 0.0 0.0 0.0 0.0 0.0 0.0 0.0 0.0 0.0 0.0

