TTC->TTT
5101.2 409.4 105.5 53.5 33.2 22.9 17.2 13.7 11.6 10.1 9.1 8.2 7.5 6.8 6.2 5.7 5.3 4.9 4.7 4.6 4.6 4.6 4.7 4.7 4.7 4.6 4.5 4.3 4.1 3.9 3.7 3.4 3.2 3.1 2.9 2.7 2.6 2.4 2.2 2.1 1.9 1.8 1.6 1.5 1.4 1.3 1.3 1.3 1.2 1.2 1.2 1.2 1.2 1.2 1.2 1.2 1.2 1.2 1.2 1.1 1.0 1.0 0.9 0.8 0.7 0.6 0.5 0.4 0.4 0.3 0.3 0.2 0.2 0.2 0.2 0.2 0.2 0.2 0.2 0.1 0.1 0.1 0.1 0.1 0.1 0.1 0.1 0.2 0.2 0.2 0.3 0.3 0.4 0.4 0.4 0.4 0.3 0.2 0.1 0.0

TTT->TTC
1842.4 145.0 39.8 21.6 14.3 10.2 7.5 5.6 4.3 3.5 3.0 2.6 2.3 2.0 1.8 1.6 1.4 1.2 1.2 1.1 1.1 1.1 1.2 1.2 1.3 1.3 1.3 1.4 1.4 1.3 1.3 1.3 1.2 1.1 1.1 1.0 1.0 0.9 0.9 0.9 0.8 0.8 0.8 0.7 0.7 0.7 0.6 0.6 0.5 0.5 0.5 0.5 0.4 0.4 0.4 0.4 0.4 0.4 0.4 0.4 0.4 0.4 0.4 0.4 0.4 0.4 0.4 0.4 0.3 0.3 0.3 0.3 0.3 0.3 0.3 0.4 0.4 0.4 0.4 0.4 0.4 0.3 0.3 0.3 0.2 0.2 0.1 0.1 0.1 0.0 0.0 0.0 0.0 0.0 0.1 0.2 0.3 0.4 0.4 0.4

TGC->TGT
4888.0 414.8 114.0 57.9 35.8 25.3 19.6 16.0 13.5 11.6 10.1 8.8 7.8 7.0 6.4 6.0 5.6 5.4 5.3 5.1 5.0 4.8 4.6 4.3 4.1 3.8 3.5 3.3 3.1 3.0 2.9 2.8 2.7 2.6 2.5 2.4 2.3 2.1 2.0 1.9 1.7 1.6 1.5 1.4 1.3 1.2 1.2 1.1 1.1 1.1 1.0 1.0 1.0 0.9 0.9 0.9 0.8 0.8 0.8 0.8 0.8 0.9 0.9 0.9 0.9 0.9 0.9 0.9 0.9 0.9 0.8 0.8 0.7 0.7 0.7 0.6 0.6 0.5 0.5 0.5 0.4 0.4 0.4 0.4 0.3 0.3 0.2 0.1 0.1 0.1 0.0 0.0 0.0 0.0 0.0 0.0 0.0 0.0 0.0 0.0

TGT->TGC
1464.9 127.5 36.5 18.7 11.7 8.2 6.1 4.8 3.8 3.0 2.5 2.2 2.0 2.0 2.0 2.0 2.1 2.1 2.0 1.9 1.8 1.7 1.6 1.5 1.5 1.4 1.3 1.2 1.1 1.0 0.9 0.8 0.8 0.7 0.6 0.6 0.6 0.6 0.6 0.6 0.6 0.6 0.6 0.6 0.6 0.5 0.5 0.5 0.4 0.4 0.4 0.4 0.3 0.3 0.3 0.3 0.2 0.2 0.2 0.2 0.2 0.2 0.2 0.2 0.2 0.2 0.2 0.2 0.2 0.2 0.2 0.2 0.2 0.2 0.2 0.2 0.2 0.2 0.2 0.2 0.2 0.2 0.2 0.2 0.1 0.1 0.1 0.0 0.0 0.0 0.0 0.0 0.0 0.0 0.0 0.0 0.0 0.0 0.0 0.0

AAA->AAG
1601.6 122.0 32.8 18.3 12.1 8.6 6.4 5.1 4.4 3.9 3.6 3.3 3.0 2.7 2.4 2.0 1.8 1.6 1.4 1.3 1.2 1.2 1.2 1.2 1.2 1.1 1.1 1.1 1.0 0.9 0.9 0.8 0.8 0.7 0.7 0.7 0.7 0.7 0.6 0.6 0.6 0.5 0.5 0.5 0.5 0.5 0.5 0.5 0.5 0.5 0.5 0.5 0.5 0.5 0.5 0.5 0.5 0.5 0.4 0.4 0.4 0.4 0.3 0.3 0.3 0.3 0.3 0.2 0.2 0.2 0.2 0.2 0.1 0.1 0.2 0.2 0.2 0.2 0.3 0.3 0.3 0.3 0.3 0.3 0.3 0.2 0.2 0.2 0.1 0.1 0.1 0.0 0.0 0.0 0.0 0.0 0.0 0.0 0.0 0.0

AAG->AAA
4195.5 330.5 90.5 47.1 29.8 21.5 17.0 14.4 12.6 11.1 9.9 8.8 7.8 6.9 6.3 5.8 5.4 5.2 4.9 4.7 4.4 4.1 3.8 3.6 3.3 3.0 2.8 2.6 2.4 2.2 2.1 1.9 1.8 1.7 1.6 1.5 1.4 1.3 1.2 1.1 1.0 0.9 0.9 0.8 0.8 0.7 0.7 0.7 0.6 0.6 0.6 0.6 0.6 0.6 0.6 0.7 0.7 0.6 0.6 0.6 0.6 0.5 0.5 0.5 0.5 0.4 0.4 0.4 0.4 0.4 0.4 0.4 0.4 0.4 0.4 0.4 0.3 0.3 0.3 0.3 0.3 0.2 0.2 0.2 0.2 0.2 0.2 0.2 0.2 0.3 0.3 0.3 0.3 0.3 0.2 0.1 0.1 0.0 0.0 0.0

TAC->TAT
4210.2 337.2 87.3 43.3 27.1 19.8 16.0 13.5 11.7 10.2 8.9 7.9 7.0 6.3 5.7 5.2 4.8 4.5 4.1 3.8 3.5 3.1 2.8 2.5 2.3 2.0 1.9 1.7 1.7 1.7 1.7 1.8 1.8 1.9 2.0 2.1 2.2 2.2 2.2 2.1 2.0 1.9 1.8 1.7 1.5 1.4 1.3 1.2 1.1 1.0 1.0 0.9 0.9 0.9 0.8 0.8 0.8 0.7 0.7 0.7 0.6 0.6 0.6 0.5 0.5 0.5 0.5 0.4 0.4 0.4 0.4 0.3 0.3 0.3 0.3 0.3 0.4 0.4 0.4 0.4 0.4 0.4 0.4 0.3 0.3 0.3 0.3 0.3 0.2 0.2 0.2 0.1 0.1 0.1 0.0 0.0 0.0 0.0 0.0 0.0

TAT->TAC
2063.9 166.0 45.8 24.2 15.1 10.2 7.2 5.3 4.1 3.4 2.9 2.6 2.4 2.2 2.1 2.1 2.0 2.0 2.0 2.1 2.1 2.1 2.0 2.0 1.9 1.8 1.7 1.6 1.6 1.6 1.6 1.6 1.5 1.5 1.4 1.3 1.2 1.1 0.9 0.8 0.6 0.5 0.4 0.4 0.4 0.4 0.4 0.4 0.5 0.5 0.6 0.6 0.6 0.7 0.6 0.6 0.6 0.5 0.5 0.4 0.4 0.3 0.3 0.3 0.3 0.2 0.2 0.2 0.2 0.3 0.3 0.3 0.3 0.3 0.2 0.2 0.2 0.2 0.2 0.2 0.2 0.2 0.2 0.2 0.2 0.2 0.1 0.1 0.1 0.1 0.0 0.0 0.0 0.0 0.0 0.0 0.0 0.0 0.0 0.0

CAC->CAT
4754.6 388.7 105.9 55.7 35.5 24.9 18.6 14.8 12.4 10.9 10.0 9.4 9.1 8.7 8.3 7.9 7.4 7.0 6.5 6.1 5.7 5.4 5.0 4.6 4.2 3.8 3.4 3.1 2.7 2.4 2.2 2.0 1.8 1.7 1.6 1.6 1.5 1.5 1.4 1.4 1.3 1.3 1.3 1.2 1.2 1.2 1.2 1.2 1.2 1.2 1.3 1.3 1.4 1.4 1.4 1.4 1.4 1.4 1.3 1.3 1.2 1.1 1.0 1.0 0.9 0.8 0.7 0.6 0.5 0.5 0.4 0.3 0.3 0.3 0.2 0.2 0.2 0.2 0.2 0.2 0.2 0.2 0.2 0.2 0.2 0.2 0.1 0.1 0.1 0.1 0.0 0.0 0.0 0.0 0.0 0.0 0.0 0.0 0.0 0.0

CAT->CAC
1894.2 155.3 43.2 21.9 13.5 9.7 7.7 6.5 5.6 5.0 4.5 4.0 3.7 3.3 3.0 2.8 2.6 2.4 2.2 2.1 2.0 1.9 1.9 1.8 1.7 1.7 1.6 1.5 1.4 1.3 1.3 1.2 1.1 1.1 1.0 1.0 1.0 1.0 0.9 0.9 0.9 0.9 0.9 0.9 0.8 0.8 0.8 0.8 0.8 0.8 0.8 0.8 0.8 0.7 0.7 0.7 0.6 0.6 0.5 0.5 0.4 0.4 0.4 0.4 0.3 0.3 0.3 0.3 0.3 0.3 0.3 0.3 0.3 0.3 0.3 0.3 0.3 0.3 0.4 0.4 0.4 0.4 0.4 0.4 0.3 0.3 0.3 0.3 0.3 0.4 0.4 0.4 0.5 0.5 0.5 0.4 0.3 0.2 0.1 0.0

CAA->CAG
3230.9 266.8 78.0 42.8 27.9 19.9 14.9 11.7 9.4 7.8 6.7 5.9 5.4 5.1 4.9 4.8 4.7 4.7 4.6 4.5 4.4 4.3 4.2 4.0 3.9 3.7 3.5 3.4 3.2 3.1 3.0 2.9 2.8 2.7 2.6 2.5 2.4 2.3 2.2 2.0 1.9 1.8 1.7 1.6 1.5 1.4 1.3 1.3 1.2 1.2 1.1 1.1 1.0 1.0 0.9 0.9 0.8 0.8 0.7 0.7 0.7 0.6 0.6 0.6 0.6 0.6 0.6 0.6 0.5 0.5 0.5 0.4 0.3 0.3 0.3 0.2 0.2 0.2 0.3 0.3 0.3 0.3 0.3 0.3 0.2 0.2 0.1 0.1 0.1 0.1 0.1 0.1 0.1 0.2 0.2 0.2 0.2 0.3 0.3 0.2

CAG->CAA
6049.5 489.0 128.3 64.5 41.9 31.2 24.9 20.5 17.2 14.6 12.6 10.9 9.6 8.5 7.6 6.9 6.3 5.9 5.6 5.4 5.2 5.0 4.9 4.8 4.6 4.5 4.3 4.1 3.9 3.7 3.5 3.3 3.1 2.9 2.8 2.7 2.6 2.5 2.5 2.4 2.4 2.3 2.3 2.2 2.1 2.0 1.9 1.8 1.7 1.6 1.6 1.5 1.4 1.4 1.4 1.4 1.4 1.4 1.4 1.4 1.4 1.4 1.3 1.3 1.3 1.2 1.1 1.1 1.0 0.9 0.8 0.7 0.6 0.5 0.5 0.4 0.4 0.3 0.3 0.3 0.3 0.3 0.3 0.3 0.3 0.3 0.4 0.4 0.4 0.4 0.4 0.3 0.2 0.1 0.1 0.0 0.0 0.0 0.0 0.0

GAA->GAG
1773.7 140.5 39.0 20.2 12.9 9.6 8.0 7.1 6.3 5.6 4.9 4.1 3.5 3.0 2.6 2.3 2.1 2.0 1.9 1.9 1.9 1.9 1.9 1.8 1.8 1.7 1.5 1.4 1.2 1.1 1.0 0.9 0.8 0.8 0.7 0.7 0.7 0.7 0.7 0.7 0.6 0.6 0.6 0.6 0.6 0.5 0.5 0.5 0.5 0.5 0.5 0.5 0.5 0.5 0.5 0.5 0.4 0.4 0.4 0.4 0.4 0.4 0.3 0.3 0.3 0.3 0.3 0.2 0.2 0.2 0.2 0.1 0.1 0.1 0.1 0.1 0.0 0.0 0.0 0.0 0.0 0.0 0.0 0.0 0.0 0.0 0.0 0.0 0.0 0.0 0.0 0.0 0.0 0.0 0.0 0.0 0.0 0.0 0.0 0.0

GAG->GAA
5308.1 432.4 117.6 59.6 36.9 25.9 19.8 16.0 13.5 11.6 10.2 9.1 8.1 7.3 6.6 5.9 5.4 4.9 4.6 4.3 4.1 4.0 3.8 3.7 3.7 3.6 3.5 3.5 3.4 3.3 3.2 3.2 3.1 3.0 2.9 2.7 2.6 2.4 2.3 2.2 2.1 2.0 1.9 1.9 1.8 1.8 1.8 1.7 1.7 1.6 1.6 1.6 1.5 1.5 1.4 1.4 1.3 1.3 1.2 1.2 1.1 1.1 1.0 0.9 0.9 0.8 0.7 0.7 0.6 0.5 0.5 0.4 0.4 0.3 0.3 0.3 0.2 0.2 0.2 0.2 0.2 0.1 0.1 0.1 0.1 0.1 0.1 0.1 0.1 0.1 0.1 0.1 0.2 0.2 0.2 0.1 0.1 0.1 0.0 0.0

AAC->AAT
5435.1 446.6 118.4 59.7 37.1 26.6 21.1 17.6 15.0 13.0 11.3 9.9 8.8 7.9 7.3 6.7 6.3 5.9 5.6 5.4 5.1 4.8 4.6 4.3 4.0 3.8 3.5 3.3 3.1 3.0 2.8 2.7 2.6 2.4 2.3 2.2 2.0 1.9 1.8 1.7 1.6 1.5 1.5 1.4 1.4 1.3 1.3 1.2 1.2 1.1 1.1 1.0 1.0 0.9 0.9 0.9 0.9 1.0 1.0 1.1 1.1 1.2 1.2 1.2 1.3 1.3 1.3 1.3 1.2 1.2 1.1 1.0 0.9 0.8 0.7 0.6 0.5 0.4 0.3 0.3 0.2 0.1 0.1 0.1 0.0 0.0 0.0 0.0 0.0 0.1 0.1 0.1 0.1 0.1 0.1 0.1 0.1 0.1 0.2 0.4

AAT->AAC
2274.0 188.7 51.6 27.6 18.3 13.1 9.8 7.6 6.3 5.5 5.1 4.8 4.5 4.3 4.0 3.8 3.6 3.4 3.3 3.1 3.0 2.9 2.8 2.7 2.6 2.5 2.4 2.3 2.2 2.1 2.0 1.9 1.8 1.7 1.6 1.5 1.4 1.3 1.2 1.1 1.1 1.1 1.1 1.1 1.1 1.1 1.1 1.1 1.1 1.1 1.0 1.0 0.9 0.8 0.8 0.7 0.7 0.6 0.6 0.6 0.6 0.5 0.5 0.5 0.4 0.4 0.3 0.3 0.3 0.2 0.2 0.2 0.2 0.2 0.2 0.2 0.3 0.3 0.4 0.5 0.5 0.6 0.6 0.6 0.6 0.5 0.5 0.4 0.3 0.2 0.2 0.1 0.1 0.2 0.2 0.3 0.4 0.4 0.3 0.1

GAC->GAT
6765.2 571.0 152.5 77.1 48.6 34.6 26.3 20.8 17.1 14.5 12.7 11.4 10.4 9.7 9.0 8.4 7.8 7.3 6.7 6.3 5.9 5.5 5.2 4.9 4.7 4.4 4.3 4.1 3.9 3.8 3.6 3.5 3.3 3.2 3.0 2.9 2.7 2.6 2.5 2.4 2.2 2.1 2.0 1.9 1.8 1.7 1.6 1.5 1.5 1.4 1.4 1.4 1.3 1.3 1.2 1.1 1.1 1.0 0.9 0.8 0.8 0.8 0.7 0.8 0.8 0.8 0.9 0.9 0.9 1.0 1.0 1.0 1.0 1.0 1.0 0.9 0.9 0.8 0.7 0.6 0.5 0.4 0.3 0.3 0.2 0.2 0.2 0.2 0.3 0.3 0.3 0.3 0.3 0.3 0.2 0.2 0.2 0.2 0.3 0.4

GAT->GAC
2292.5 181.2 49.1 24.7 15.7 11.7 9.5 8.1 7.0 6.1 5.3 4.7 4.2 3.9 3.6 3.5 3.4 3.3 3.2 3.2 3.1 3.0 2.9 2.8 2.7 2.6 2.5 2.4 2.3 2.1 2.0 1.9 1.8 1.7 1.6 1.5 1.4 1.3 1.2 1.1 1.0 0.9 0.8 0.7 0.7 0.6 0.6 0.5 0.5 0.4 0.4 0.4 0.4 0.3 0.3 0.3 0.3 0.3 0.3 0.3 0.3 0.3 0.3 0.3 0.3 0.3 0.3 0.3 0.3 0.3 0.4 0.4 0.4 0.3 0.3 0.3 0.3 0.3 0.2 0.2 0.2 0.2 0.2 0.2 0.2 0.3 0.3 0.3 0.3 0.3 0.3 0.2 0.2 0.2 0.2 0.2 0.1 0.1 0.0 0.0

ATC->ATT
4241.8 332.7 85.8 42.6 26.4 19.1 15.1 12.6 10.8 9.4 8.3 7.3 6.5 5.7 5.1 4.5 4.0 3.7 3.4 3.2 3.1 3.0 3.0 3.0 3.0 3.0 2.9 2.9 2.8 2.7 2.6 2.5 2.4 2.2 2.1 1.9 1.8 1.6 1.5 1.4 1.3 1.2 1.1 1.0 1.0 1.0 1.0 1.0 1.0 1.0 1.0 1.0 1.0 1.0 1.0 0.9 0.9 0.8 0.8 0.7 0.6 0.6 0.5 0.5 0.5 0.4 0.4 0.4 0.4 0.4 0.4 0.4 0.4 0.4 0.4 0.4 0.4 0.4 0.4 0.3 0.3 0.3 0.2 0.2 0.2 0.1 0.1 0.1 0.2 0.2 0.2 0.3 0.3 0.3 0.2 0.2 0.1 0.0 0.0 0.0

ATT->ATC
1070.9 84.8 23.9 12.8 8.3 5.9 4.4 3.4 2.8 2.5 2.3 2.3 2.2 2.1 2.0 1.8 1.6 1.4 1.2 1.1 0.9 0.8 0.8 0.7 0.7 0.7 0.7 0.6 0.6 0.6 0.6 0.6 0.5 0.5 0.5 0.5 0.5 0.4 0.4 0.4 0.4 0.4 0.4 0.4 0.3 0.3 0.3 0.3 0.4 0.4 0.4 0.4 0.4 0.4 0.4 0.3 0.3 0.3 0.2 0.2 0.2 0.1 0.1 0.1 0.1 0.1 0.1 0.1 0.1 0.1 0.2 0.2 0.2 0.2 0.2 0.2 0.2 0.2 0.2 0.2 0.2 0.2 0.2 0.1 0.1 0.1 0.1 0.1 0.1 0.1 0.2 0.2 0.2 0.3 0.3 0.3 0.2 0.1 0.1 0.0

GGC->GGT
6154.3 505.5 135.6 68.5 42.3 29.7 22.7 18.6 15.8 13.8 12.2 10.8 9.7 8.7 7.9 7.2 6.6 6.1 5.7 5.4 5.0 4.8 4.5 4.3 4.1 3.9 3.8 3.6 3.5 3.3 3.2 3.0 2.9 2.7 2.6 2.4 2.2 2.1 2.0 1.9 1.8 1.8 1.8 1.8 1.8 1.8 1.8 1.8 1.8 1.8 1.7 1.7 1.6 1.5 1.4 1.4 1.3 1.3 1.2 1.2 1.2 1.1 1.1 1.0 1.0 0.9 0.9 0.9 0.8 0.8 0.7 0.7 0.6 0.6 0.5 0.4 0.4 0.3 0.3 0.2 0.2 0.2 0.2 0.2 0.1 0.1 0.1 0.1 0.1 0.1 0.2 0.2 0.2 0.2 0.2 0.2 0.2 0.2 0.1 0.0

GGT->GGC
1063.2 91.0 26.6 14.3 9.2 6.5 4.9 3.9 3.2 2.8 2.4 2.2 2.0 1.8 1.6 1.5 1.4 1.3 1.3 1.3 1.2 1.2 1.1 1.1 1.0 0.9 0.9 0.8 0.7 0.6 0.6 0.5 0.5 0.4 0.4 0.4 0.4 0.4 0.4 0.4 0.4 0.4 0.4 0.4 0.4 0.5 0.4 0.4 0.4 0.4 0.4 0.4 0.4 0.4 0.4 0.4 0.3 0.3 0.3 0.3 0.3 0.2 0.2 0.2 0.2 0.2 0.2 0.1 0.1 0.1 0.1 0.1 0.1 0.2 0.2 0.2 0.2 0.2 0.2 0.2 0.2 0.2 0.1 0.1 0.1 0.1 0.1 0.1 0.1 0.1 0.1 0.0 0.0 0.0 0.0 0.0 0.1 0.2 0.4 0.7

GCC->GCT
8146.1 663.5 182.4 96.6 61.4 43.1 32.7 26.4 22.2 19.3 17.0 15.2 13.8 12.6 11.5 10.6 9.7 8.9 8.2 7.6 7.0 6.6 6.2 5.9 5.7 5.6 5.5 5.4 5.3 5.1 5.0 4.8 4.7 4.5 4.3 4.2 4.0 3.8 3.7 3.6 3.4 3.3 3.2 3.1 3.0 2.9 2.8 2.7 2.5 2.4 2.3 2.1 1.9 1.8 1.6 1.4 1.3 1.1 1.0 0.9 0.8 0.8 0.7 0.7 0.7 0.7 0.7 0.7 0.7 0.8 0.8 0.8 0.8 0.8 0.9 0.9 0.8 0.8 0.8 0.7 0.6 0.5 0.4 0.3 0.2 0.1 0.1 0.0 0.0 0.0 0.0 0.0 0.0 0.0 0.0 0.0 0.0 0.0 0.1 0.4

GCT->GCC
1628.1 126.3 36.1 19.1 11.6 7.7 5.8 4.7 4.0 3.5 3.0 2.5 2.1 1.8 1.5 1.4 1.4 1.5 1.6 1.7 1.8 1.9 1.9 1.9 2.0 2.0 2.0 2.0 2.0 2.0 1.9 1.8 1.7 1.6 1.5 1.3 1.2 1.1 1.0 0.9 0.8 0.8 0.7 0.7 0.7 0.7 0.6 0.6 0.6 0.6 0.6 0.6 0.5 0.5 0.5 0.5 0.5 0.5 0.5 0.5 0.5 0.5 0.5 0.5 0.5 0.5 0.5 0.5 0.5 0.5 0.5 0.5 0.4 0.4 0.3 0.3 0.2 0.2 0.2 0.2 0.1 0.1 0.1 0.1 0.1 0.1 0.1 0.1 0.1 0.1 0.1 0.1 0.1 0.1 0.1 0.0 0.0 0.0 0.0 0.0

CTG->TTG
6113.7 490.3 136.2 71.4 44.3 30.0 21.7 16.8 13.9 12.2 11.1 10.3 9.6 8.9 8.1 7.3 6.5 5.8 5.3 4.8 4.5 4.2 4.1 4.0 3.9 3.8 3.7 3.6 3.5 3.4 3.3 3.2 3.2 3.1 3.0 2.8 2.7 2.5 2.4 2.2 2.0 1.9 1.8 1.7 1.6 1.5 1.5 1.4 1.4 1.4 1.3 1.3 1.2 1.2 1.2 1.1 1.1 1.2 1.2 1.2 1.2 1.2 1.2 1.2 1.2 1.2 1.2 1.1 1.0 1.0 0.9 0.9 0.8 0.8 0.7 0.7 0.7 0.6 0.6 0.5 0.5 0.4 0.4 0.3 0.3 0.2 0.2 0.1 0.1 0.1 0.1 0.1 0.2 0.2 0.1 0.1 0.1 0.0 0.0 0.0

TTG->CTG
3248.9 264.5 70.9 37.0 24.2 17.5 13.5 10.9 9.3 8.3 7.5 6.9 6.4 5.8 5.3 4.8 4.3 4.0 3.7 3.6 3.5 3.4 3.4 3.4 3.4 3.3 3.2 3.1 2.9 2.8 2.6 2.4 2.2 2.0 1.9 1.7 1.6 1.5 1.4 1.3 1.2 1.1 1.1 1.1 1.0 1.0 1.1 1.1 1.1 1.1 1.1 1.2 1.2 1.2 1.2 1.2 1.2 1.2 1.2 1.2 1.1 1.1 1.0 0.9 0.9 0.8 0.7 0.7 0.6 0.5 0.5 0.5 0.5 0.4 0.4 0.5 0.5 0.5 0.5 0.4 0.4 0.4 0.3 0.3 0.3 0.3 0.3 0.3 0.3 0.4 0.4 0.4 0.4 0.4 0.4 0.5 0.6 0.7 0.8 0.7

GTA->GTG
1044.7 77.6 21.2 11.5 7.5 5.3 3.9 3.2 2.8 2.6 2.4 2.3 2.1 2.0 1.8 1.6 1.5 1.3 1.2 1.0 0.9 0.9 0.8 0.8 0.8 0.8 0.8 0.8 0.8 0.8 0.8 0.8 0.7 0.7 0.7 0.6 0.6 0.6 0.5 0.5 0.5 0.4 0.4 0.4 0.3 0.3 0.3 0.3 0.2 0.2 0.2 0.2 0.2 0.2 0.2 0.2 0.2 0.2 0.2 0.2 0.2 0.2 0.2 0.2 0.1 0.1 0.1 0.1 0.1 0.1 0.1 0.1 0.1 0.1 0.1 0.1 0.1 0.1 0.1 0.0 0.0 0.0 0.0 0.0 0.0 0.0 0.0 0.0 0.0 0.0 0.0 0.0 0.0 0.0 0.0 0.0 0.0 0.0 0.0 0.0

GTG->GTA
4287.7 346.3 96.4 50.2 31.9 23.0 18.0 14.6 12.1 10.2 8.7 7.5 6.6 6.0 5.4 4.9 4.6 4.3 4.0 3.8 3.7 3.5 3.4 3.3 3.1 2.9 2.7 2.4 2.2 2.0 1.8 1.6 1.4 1.3 1.2 1.1 1.0 0.9 0.8 0.8 0.7 0.7 0.7 0.7 0.7 0.7 0.7 0.7 0.8 0.8 0.8 0.8 0.8 0.8 0.8 0.8 0.8 0.8 0.7 0.7 0.7 0.6 0.6 0.6 0.6 0.6 0.6 0.6 0.6 0.6 0.5 0.5 0.5 0.5 0.4 0.3 0.3 0.2 0.2 0.1 0.1 0.1 0.1 0.1 0.1 0.1 0.1 0.2 0.2 0.2 0.3 0.2 0.2 0.2 0.1 0.1 0.1 0.2 0.3 0.3

CTA->CTG
1597.7 128.9 34.8 18.2 11.6 8.2 6.2 4.9 4.0 3.4 3.1 2.8 2.7 2.5 2.3 2.2 2.1 2.0 1.9 1.9 1.9 1.8 1.8 1.7 1.5 1.4 1.2 1.1 0.9 0.8 0.7 0.7 0.6 0.6 0.6 0.6 0.7 0.7 0.7 0.8 0.9 0.9 1.0 1.0 1.0 1.0 1.0 1.0 0.9 0.9 0.8 0.8 0.7 0.6 0.6 0.6 0.5 0.5 0.5 0.5 0.5 0.5 0.5 0.4 0.4 0.4 0.4 0.3 0.3 0.3 0.2 0.2 0.1 0.1 0.1 0.1 0.0 0.0 0.0 0.0 0.0 0.0 0.0 0.0 0.0 0.0 0.0 0.0 0.0 0.0 0.0 0.0 0.0 0.1 0.1 0.2 0.2 0.2 0.1 0.1

CTG->CTA
4750.1 376.5 100.1 49.5 30.0 20.8 15.9 13.0 11.1 9.9 8.8 8.0 7.3 6.6 6.1 5.7 5.3 5.1 4.9 4.7 4.6 4.6 4.5 4.4 4.2 4.1 3.9 3.6 3.4 3.1 2.8 2.6 2.3 2.1 1.9 1.7 1.5 1.4 1.3 1.3 1.2 1.2 1.1 1.1 1.1 1.1 1.1 1.1 1.1 1.1 1.1 1.1 1.1 1.1 1.1 1.1 1.0 1.0 0.9 0.9 0.8 0.7 0.7 0.6 0.5 0.5 0.4 0.4 0.3 0.3 0.3 0.2 0.2 0.2 0.2 0.2 0.2 0.2 0.3 0.3 0.2 0.2 0.2 0.2 0.1 0.1 0.1 0.1 0.1 0.1 0.1 0.1 0.1 0.2 0.2 0.1 0.1 0.0 0.0 0.0

ACC->ACT
5949.8 479.9 126.5 65.2 40.4 27.6 20.5 16.6 14.7 13.7 13.1 12.6 12.0 11.4 10.6 9.7 8.9 8.1 7.4 6.9 6.4 6.0 5.6 5.3 5.0 4.8 4.5 4.3 4.1 4.0 3.8 3.6 3.4 3.2 3.0 2.8 2.7 2.5 2.4 2.2 2.1 2.0 1.9 1.8 1.7 1.6 1.6 1.5 1.4 1.4 1.3 1.3 1.2 1.2 1.2 1.2 1.2 1.1 1.1 1.1 1.1 1.0 1.0 1.0 0.9 0.9 0.8 0.8 0.8 0.8 0.8 0.8 0.8 0.8 0.8 0.7 0.7 0.6 0.6 0.5 0.5 0.4 0.3 0.2 0.2 0.1 0.1 0.1 0.1 0.1 0.1 0.1 0.1 0.2 0.2 0.1 0.1 0.0 0.0 0.0

ACT->ACC
1555.9 121.4 31.9 15.6 8.9 5.9 4.6 4.1 3.9 3.8 3.6 3.4 3.2 3.0 2.7 2.5 2.2 2.0 1.8 1.6 1.5 1.5 1.5 1.5 1.5 1.5 1.5 1.4 1.4 1.3 1.2 1.1 1.0 0.9 0.8 0.8 0.7 0.7 0.6 0.6 0.6 0.6 0.7 0.7 0.7 0.7 0.7 0.7 0.7 0.7 0.6 0.6 0.5 0.5 0.4 0.4 0.4 0.4 0.4 0.4 0.4 0.4 0.4 0.5 0.5 0.5 0.5 0.5 0.5 0.4 0.4 0.4 0.4 0.3 0.4 0.4 0.4 0.4 0.4 0.4 0.4 0.4 0.3 0.3 0.3 0.2 0.2 0.1 0.1 0.1 0.0 0.0 0.0 0.0 0.0 0.0 0.0 0.1 0.2 0.3

CCA->CCG
3023.0 245.5 66.9 33.9 21.2 15.0 11.4 9.2 7.8 6.8 6.1 5.6 5.1 4.8 4.5 4.2 4.0 3.8 3.7 3.5 3.4 3.3 3.2 3.1 3.0 2.9 2.8 2.7 2.7 2.6 2.6 2.5 2.4 2.3 2.2 2.1 1.9 1.8 1.6 1.5 1.3 1.2 1.1 1.1 1.0 1.0 1.0 1.0 1.1 1.1 1.2 1.2 1.2 1.2 1.2 1.1 1.1 1.0 0.9 0.8 0.7 0.6 0.6 0.5 0.5 0.4 0.4 0.4 0.4 0.5 0.5 0.5 0.5 0.6 0.6 0.7 0.8 0.8 0.8 0.8 0.8 0.8 0.7 0.6 0.5 0.5 0.4 0.4 0.3 0.3 0.3 0.3 0.3 0.3 0.3 0.3 0.2 0.2 0.1 0.0

CCG->CCA
11829.0 1046.2 282.3 142.6 89.2 62.8 47.7 38.5 32.7 28.7 25.7 23.2 21.0 19.0 17.2 15.6 14.3 13.2 12.4 11.8 11.3 10.8 10.4 10.0 9.6 9.2 8.9 8.5 8.2 7.9 7.6 7.3 7.0 6.7 6.5 6.2 6.0 5.8 5.6 5.4 5.3 5.1 4.9 4.7 4.5 4.3 4.0 3.8 3.5 3.3 3.0 2.8 2.6 2.3 2.1 2.0 1.8 1.7 1.5 1.5 1.4 1.4 1.4 1.4 1.4 1.4 1.4 1.5 1.5 1.4 1.4 1.3 1.2 1.1 1.0 0.8 0.7 0.6 0.5 0.4 0.4 0.3 0.3 0.4 0.4 0.5 0.5 0.5 0.5 0.5 0.5 0.5 0.4 0.4 0.4 0.4 0.4 0.3 0.4 0.5

CCC->CCT
7019.8 584.5 159.8 83.0 51.9 35.9 26.5 20.6 16.9 14.5 12.8 11.5 10.5 9.7 9.0 8.3 7.8 7.4 7.1 6.8 6.6 6.3 6.1 5.9 5.7 5.5 5.3 5.1 4.9 4.7 4.5 4.3 4.1 3.8 3.6 3.3 3.1 2.8 2.6 2.4 2.2 2.1 2.0 1.9 1.9 1.9 1.8 1.8 1.9 1.9 1.9 1.9 1.9 1.9 1.9 1.9 1.9 1.8 1.8 1.7 1.6 1.4 1.3 1.2 1.0 0.9 0.8 0.7 0.6 0.6 0.5 0.5 0.5 0.6 0.6 0.6 0.6 0.6 0.5 0.5 0.5 0.4 0.4 0.4 0.4 0.4 0.3 0.3 0.3 0.3 0.2 0.2 0.2 0.1 0.1 0.1 0.0 0.0 0.0 0.0

CCT->CCC
1736.6 137.7 36.5 18.4 12.0 9.1 7.6 6.5 5.6 4.8 4.2 3.7 3.2 2.9 2.7 2.5 2.4 2.3 2.3 2.2 2.1 2.1 2.0 1.9 1.7 1.6 1.5 1.4 1.3 1.2 1.1 1.1 1.0 1.0 1.0 0.9 0.9 0.9 0.9 0.8 0.8 0.8 0.7 0.7 0.7 0.7 0.7 0.7 0.7 0.7 0.6 0.6 0.6 0.5 0.5 0.5 0.4 0.4 0.4 0.4 0.4 0.4 0.4 0.5 0.5 0.5 0.5 0.5 0.5 0.5 0.5 0.5 0.5 0.5 0.4 0.4 0.4 0.4 0.4 0.4 0.4 0.4 0.4 0.4 0.3 0.3 0.3 0.2 0.2 0.1 0.1 0.1 0.1 0.0 0.0 0.1 0.1 0.2 0.3 0.2

CGC->CGT
2735.8 228.7 62.1 31.6 19.4 13.2 9.6 7.5 6.2 5.4 4.8 4.3 4.0 3.8 3.6 3.4 3.2 3.1 3.0 2.9 2.8 2.8 2.7 2.6 2.5 2.4 2.3 2.2 2.1 2.0 1.9 1.8 1.7 1.6 1.6 1.5 1.4 1.3 1.2 1.1 1.0 0.9 0.9 0.9 0.8 0.8 0.8 0.7 0.7 0.7 0.6 0.6 0.6 0.6 0.6 0.6 0.6 0.6 0.6 0.6 0.6 0.5 0.5 0.5 0.4 0.4 0.3 0.3 0.2 0.2 0.2 0.2 0.2 0.2 0.3 0.3 0.3 0.3 0.3 0.3 0.3 0.3 0.2 0.2 0.2 0.1 0.1 0.1 0.1 0.1 0.1 0.1 0.1 0.1 0.1 0.1 0.1 0.0 0.0 0.0

CGT->CGC
471.3 34.4 8.6 5.0 3.5 2.5 1.9 1.4 1.1 1.0 0.9 0.8 0.7 0.6 0.5 0.4 0.3 0.3 0.2 0.2 0.2 0.2 0.2 0.2 0.2 0.2 0.2 0.2 0.3 0.3 0.3 0.4 0.4 0.5 0.5 0.5 0.5 0.5 0.5 0.5 0.5 0.5 0.4 0.4 0.4 0.3 0.3 0.3 0.3 0.2 0.2 0.2 0.2 0.1 0.1 0.1 0.1 0.1 0.1 0.1 0.1 0.1 0.1 0.1 0.0 0.0 0.0 0.0 0.0 0.0 0.0 0.0 0.0 0.1 0.1 0.1 0.1 0.1 0.1 0.1 0.1 0.1 0.1 0.1 0.1 0.1 0.1 0.2 0.2 0.2 0.2 0.2 0.2 0.1 0.1 0.1 0.0 0.0 0.0 0.0

ACA->ACG
2840.8 234.3 65.8 34.6 22.1 15.9 12.5 10.5 9.2 8.3 7.5 6.7 6.0 5.4 4.8 4.4 4.1 3.9 3.8 3.7 3.6 3.6 3.5 3.3 3.1 2.9 2.7 2.5 2.3 2.1 1.9 1.8 1.6 1.5 1.4 1.3 1.2 1.2 1.1 1.0 1.0 0.9 0.9 0.8 0.8 0.8 0.8 0.8 0.8 0.9 0.9 0.9 1.0 1.0 1.0 1.0 1.0 1.0 0.9 0.9 0.9 0.9 0.9 0.9 0.9 0.8 0.8 0.8 0.8 0.7 0.7 0.6 0.5 0.5 0.5 0.4 0.4 0.4 0.5 0.5 0.5 0.6 0.6 0.6 0.6 0.6 0.6 0.6 0.5 0.5 0.5 0.4 0.4 0.5 0.6 0.7 0.8 0.8 0.6 0.3

ACG->ACA
10803.3 919.0 254.1 131.8 82.6 58.0 44.1 35.4 29.6 25.3 22.1 19.5 17.3 15.4 13.8 12.5 11.4 10.6 9.9 9.5 9.2 9.0 8.8 8.6 8.4 8.2 8.0 7.7 7.4 7.2 6.9 6.6 6.2 5.9 5.5 5.2 4.9 4.5 4.2 4.0 3.7 3.6 3.4 3.3 3.1 3.0 2.9 2.8 2.7 2.6 2.5 2.4 2.3 2.2 2.1 2.0 1.9 1.8 1.8 1.7 1.6 1.6 1.6 1.6 1.6 1.6 1.5 1.5 1.5 1.5 1.5 1.4 1.4 1.4 1.4 1.4 1.3 1.3 1.2 1.1 1.0 0.9 0.7 0.6 0.6 0.5 0.5 0.5 0.5 0.5 0.5 0.5 0.5 0.5 0.6 0.6 0.5 0.4 0.2 0.1

TCC->TCT
8238.5 690.5 184.6 95.3 61.3 44.0 33.7 27.1 22.6 19.3 16.9 15.0 13.6 12.4 11.5 10.7 10.1 9.4 8.8 8.3 7.7 7.3 6.9 6.6 6.3 6.0 5.8 5.6 5.4 5.1 4.9 4.6 4.4 4.2 4.1 3.9 3.8 3.8 3.7 3.7 3.7 3.6 3.6 3.5 3.4 3.3 3.1 2.9 2.7 2.5 2.4 2.2 2.0 1.9 1.7 1.6 1.5 1.4 1.3 1.2 1.2 1.1 1.1 1.1 1.1 1.1 1.1 1.1 1.1 1.1 1.0 1.0 0.9 0.8 0.7 0.6 0.6 0.5 0.5 0.5 0.5 0.4 0.4 0.4 0.4 0.4 0.3 0.3 0.3 0.2 0.2 0.2 0.2 0.2 0.2 0.1 0.1 0.0 0.0 0.0

TCT->TCC
2459.5 195.4 54.0 28.7 18.3 12.8 9.3 7.1 5.6 4.6 4.0 3.7 3.6 3.5 3.4 3.2 3.0 2.7 2.4 2.2 2.0 1.8 1.6 1.5 1.5 1.4 1.4 1.4 1.4 1.5 1.5 1.5 1.5 1.5 1.5 1.5 1.4 1.4 1.3 1.2 1.1 1.0 1.0 0.9 0.9 0.9 0.8 0.8 0.8 0.8 0.8 0.8 0.8 0.8 0.8 0.8 0.8 0.8 0.8 0.7 0.7 0.7 0.7 0.6 0.6 0.6 0.6 0.5 0.5 0.4 0.4 0.3 0.3 0.3 0.2 0.2 0.2 0.2 0.2 0.2 0.2 0.2 0.1 0.1 0.1 0.1 0.1 0.2 0.2 0.2 0.2 0.3 0.3 0.3 0.3 0.3 0.2 0.2 0.1 0.0

GTC->GTT
2955.9 224.2 55.0 26.9 16.4 11.5 8.9 7.3 6.2 5.6 5.1 4.7 4.3 3.9 3.5 3.1 2.8 2.5 2.3 2.2 2.1 2.1 2.1 2.1 2.2 2.2 2.2 2.3 2.2 2.2 2.2 2.1 2.0 1.9 1.8 1.7 1.5 1.4 1.3 1.2 1.1 1.0 0.9 0.8 0.8 0.8 0.8 0.8 0.8 0.8 0.8 0.8 0.9 0.9 0.9 0.9 0.9 0.9 0.9 0.8 0.8 0.8 0.7 0.7 0.7 0.6 0.5 0.5 0.4 0.4 0.3 0.3 0.2 0.2 0.2 0.2 0.2 0.2 0.2 0.2 0.3 0.3 0.3 0.3 0.3 0.3 0.3 0.2 0.2 0.2 0.2 0.2 0.2 0.1 0.1 0.1 0.0 0.0 0.0 0.0

GTT->GTC
664.8 46.3 11.4 5.8 3.4 2.3 1.7 1.4 1.3 1.1 1.1 1.0 1.0 1.0 1.0 0.9 0.9 0.9 0.9 0.8 0.8 0.8 0.7 0.7 0.7 0.6 0.6 0.6 0.6 0.6 0.6 0.6 0.7 0.7 0.7 0.7 0.6 0.6 0.5 0.4 0.4 0.3 0.3 0.3 0.2 0.3 0.3 0.3 0.3 0.4 0.4 0.4 0.4 0.4 0.4 0.4 0.4 0.3 0.3 0.3 0.2 0.2 0.2 0.2 0.2 0.2 0.2 0.2 0.2 0.2 0.2 0.2 0.2 0.2 0.2 0.2 0.2 0.2 0.2 0.2 0.1 0.1 0.1 0.1 0.1 0.1 0.0 0.0 0.0 0.0 0.0 0.0 0.0 0.0 0.0 0.0 0.0 0.0 0.0 0.0

AGC->AGT
6389.7 528.3 141.7 71.1 43.0 29.5 22.4 18.3 15.6 13.7 12.2 11.0 10.2 9.4 8.9 8.4 7.9 7.4 6.9 6.5 6.1 5.8 5.5 5.3 5.2 5.1 5.0 4.9 4.8 4.6 4.4 4.1 3.9 3.6 3.3 3.0 2.8 2.6 2.4 2.2 2.1 2.1 2.0 2.0 2.0 2.0 1.9 1.9 1.8 1.7 1.6 1.4 1.3 1.2 1.1 1.1 1.0 0.9 0.9 0.8 0.7 0.7 0.7 0.6 0.6 0.6 0.6 0.6 0.6 0.6 0.5 0.5 0.5 0.5 0.4 0.4 0.4 0.3 0.3 0.3 0.3 0.3 0.3 0.3 0.3 0.3 0.3 0.3 0.3 0.3 0.2 0.2 0.2 0.1 0.1 0.2 0.3 0.4 0.5 0.5

AGT->AGC
1551.3 123.8 32.6 16.6 10.6 7.8 6.1 5.0 4.3 3.8 3.5 3.3 3.1 2.9 2.8 2.6 2.5 2.3 2.2 2.0 1.9 1.8 1.7 1.6 1.5 1.4 1.3 1.1 1.0 0.9 0.8 0.7 0.6 0.5 0.5 0.5 0.5 0.5 0.5 0.6 0.6 0.7 0.7 0.7 0.8 0.8 0.8 0.9 0.9 0.9 0.9 0.8 0.8 0.8 0.8 0.7 0.7 0.6 0.6 0.5 0.5 0.4 0.4 0.3 0.2 0.2 0.2 0.2 0.1 0.1 0.2 0.2 0.2 0.2 0.2 0.2 0.2 0.2 0.2 0.1 0.1 0.1 0.1 0.1 0.1 0.1 0.1 0.1 0.0 0.0 0.0 0.0 0.0 0.0 0.0 0.0 0.0 0.0 0.0 0.0

CTC->CTT
4539.3 369.5 99.0 49.5 29.9 20.5 15.5 12.7 11.0 9.8 9.0 8.4 7.8 7.2 6.7 6.2 5.8 5.4 5.1 4.9 4.6 4.3 4.0 3.7 3.3 3.0 2.8 2.5 2.3 2.2 2.1 2.0 2.0 1.9 1.9 1.8 1.8 1.7 1.7 1.6 1.5 1.4 1.4 1.3 1.2 1.1 1.0 1.0 0.9 0.9 0.8 0.8 0.8 0.8 0.8 0.8 0.8 0.8 0.7 0.7 0.7 0.6 0.6 0.6 0.5 0.5 0.4 0.4 0.4 0.4 0.4 0.4 0.5 0.5 0.5 0.5 0.5 0.5 0.5 0.4 0.3 0.3 0.2 0.1 0.1 0.1 0.0 0.0 0.0 0.0 0.0 0.0 0.0 0.0 0.0 0.0 0.0 0.0 0.0 0.0

CTT->CTC
915.1 70.4 17.3 8.2 4.9 3.5 2.8 2.4 2.1 1.8 1.6 1.4 1.2 1.1 1.0 1.0 1.0 1.0 1.0 1.0 1.0 1.0 1.0 0.9 0.9 0.9 0.8 0.8 0.8 0.7 0.7 0.6 0.5 0.5 0.5 0.4 0.4 0.4 0.3 0.3 0.3 0.3 0.3 0.3 0.3 0.3 0.3 0.3 0.3 0.3 0.3 0.3 0.3 0.3 0.3 0.3 0.3 0.2 0.2 0.2 0.2 0.1 0.1 0.1 0.1 0.0 0.0 0.0 0.0 0.0 0.0 0.0 0.0 0.0 0.0 0.0 0.0 0.0 0.1 0.1 0.1 0.1 0.1 0.1 0.1 0.1 0.1 0.0 0.0 0.0 0.0 0.0 0.0 0.0 0.0 0.0 0.0 0.0 0.0 0.0

GCA->GCG
2176.4 178.1 50.4 26.3 16.4 11.6 9.1 7.7 6.7 5.9 5.3 4.7 4.2 3.8 3.4 3.1 2.8 2.5 2.3 2.1 1.9 1.8 1.7 1.7 1.6 1.6 1.6 1.6 1.6 1.6 1.7 1.7 1.7 1.7 1.6 1.6 1.5 1.5 1.4 1.4 1.3 1.3 1.3 1.3 1.3 1.3 1.3 1.3 1.2 1.2 1.2 1.1 1.1 1.0 0.9 0.9 0.8 0.8 0.7 0.7 0.7 0.7 0.6 0.6 0.6 0.6 0.5 0.5 0.5 0.5 0.5 0.5 0.5 0.5 0.5 0.6 0.6 0.6 0.6 0.7 0.6 0.6 0.6 0.6 0.5 0.5 0.4 0.4 0.4 0.4 0.4 0.4 0.3 0.2 0.2 0.1 0.1 0.1 0.2 0.4

GCG->GCA
10050.7 893.3 245.8 124.4 76.5 53.0 40.3 32.9 28.2 25.0 22.5 20.5 18.8 17.4 16.2 15.2 14.3 13.4 12.6 11.9 11.1 10.4 9.7 9.0 8.4 7.8 7.3 6.9 6.5 6.2 5.9 5.7 5.5 5.3 5.1 4.9 4.7 4.5 4.3 4.2 4.2 4.1 4.1 4.0 4.0 4.0 3.9 3.8 3.7 3.6 3.4 3.3 3.1 2.9 2.7 2.5 2.3 2.1 1.9 1.8 1.6 1.5 1.4 1.4 1.3 1.2 1.2 1.1 1.1 1.0 1.0 0.9 0.8 0.8 0.7 0.6 0.6 0.6 0.6 0.5 0.5 0.5 0.5 0.5 0.5 0.5 0.4 0.3 0.3 0.2 0.1 0.1 0.0 0.0 0.1 0.1 0.2 0.2 0.2 0.1

GTG->GTT
680.4 56.0 16.7 9.1 5.8 3.9 2.7 1.9 1.5 1.3 1.2 1.1 1.1 1.0 1.0 0.9 0.9 0.8 0.8 0.7 0.6 0.5 0.4 0.4 0.3 0.3 0.2 0.2 0.2 0.2 0.2 0.2 0.2 0.2 0.2 0.2 0.2 0.2 0.2 0.2 0.2 0.2 0.2 0.1 0.1 0.1 0.1 0.1 0.1 0.1 0.1 0.1 0.1 0.1 0.1 0.1 0.1 0.1 0.1 0.1 0.1 0.1 0.1 0.1 0.1 0.1 0.1 0.1 0.1 0.1 0.1 0.1 0.1 0.0 0.0 0.0 0.0 0.0 0.0 0.0 0.1 0.1 0.1 0.1 0.2 0.2 0.2 0.2 0.2 0.2 0.1 0.1 0.1 0.0 0.0 0.0 0.0 0.0 0.0 0.0

GTT->GTG
209.2 15.8 3.6 1.7 1.1 0.9 0.7 0.5 0.4 0.3 0.3 0.3 0.3 0.3 0.3 0.3 0.3 0.3 0.3 0.3 0.3 0.3 0.3 0.2 0.2 0.2 0.1 0.1 0.1 0.1 0.0 0.0 0.0 0.0 0.0 0.1 0.1 0.1 0.1 0.1 0.1 0.2 0.2 0.2 0.2 0.2 0.2 0.2 0.2 0.2 0.2 0.2 0.2 0.2 0.1 0.1 0.1 0.1 0.1 0.1 0.1 0.1 0.1 0.1 0.1 0.1 0.1 0.1 0.1 0.1 0.1 0.1 0.1 0.1 0.1 0.1 0.1 0.1 0.1 0.1 0.1 0.1 0.1 0.1 0.1 0.0 0.0 0.0 0.0 0.0 0.0 0.0 0.0 0.0 0.0 0.0 0.0 0.0 0.0 0.0

CGA->CGG
375.1 30.3 9.1 4.7 2.8 2.0 1.8 1.7 1.7 1.7 1.6 1.4 1.2 1.0 0.9 0.7 0.6 0.6 0.5 0.5 0.5 0.5 0.5 0.5 0.5 0.5 0.5 0.5 0.5 0.5 0.5 0.5 0.5 0.5 0.5 0.5 0.4 0.4 0.4 0.4 0.3 0.3 0.3 0.3 0.2 0.2 0.2 0.2 0.2 0.2 0.2 0.2 0.2 0.2 0.2 0.2 0.2 0.2 0.2 0.1 0.1 0.1 0.1 0.1 0.1 0.1 0.1 0.1 0.1 0.1 0.2 0.2 0.2 0.2 0.2 0.2 0.1 0.1 0.1 0.1 0.1 0.0 0.0 0.0 0.0 0.0 0.0 0.0 0.0 0.0 0.0 0.0 0.0 0.0 0.0 0.0 0.0 0.0 0.0 0.0

CGG->CGA
1699.6 149.8 45.6 23.9 14.4 9.6 6.9 5.3 4.3 3.6 3.2 2.9 2.6 2.4 2.1 1.9 1.7 1.5 1.4 1.4 1.4 1.4 1.4 1.5 1.5 1.4 1.4 1.3 1.2 1.1 1.0 0.9 0.8 0.8 0.7 0.7 0.7 0.7 0.7 0.7 0.7 0.7 0.7 0.7 0.7 0.7 0.7 0.6 0.6 0.5 0.5 0.4 0.4 0.3 0.3 0.3 0.2 0.2 0.2 0.2 0.2 0.2 0.2 0.2 0.2 0.2 0.2 0.2 0.2 0.2 0.1 0.1 0.1 0.1 0.1 0.1 0.2 0.2 0.2 0.2 0.3 0.3 0.3 0.2 0.2 0.2 0.2 0.1 0.1 0.1 0.1 0.1 0.1 0.1 0.2 0.2 0.2 0.1 0.1 0.0

CCA->CCC
551.2 50.7 14.4 7.3 4.5 3.3 2.6 2.2 1.9 1.7 1.5 1.4 1.4 1.4 1.4 1.4 1.4 1.3 1.3 1.2 1.1 1.0 0.9 0.8 0.7 0.6 0.6 0.5 0.5 0.4 0.4 0.4 0.3 0.3 0.3 0.3 0.3 0.3 0.3 0.2 0.2 0.2 0.2 0.2 0.2 0.2 0.2 0.2 0.2 0.2 0.2 0.2 0.2 0.2 0.2 0.1 0.1 0.1 0.1 0.1 0.0 0.0 0.0 0.0 0.0 0.0 0.0 0.0 0.0 0.0 0.0 0.0 0.0 0.0 0.0 0.0 0.1 0.1 0.1 0.1 0.1 0.1 0.1 0.1 0.1 0.0 0.0 0.0 0.0 0.0 0.0 0.0 0.0 0.0 0.0 0.0 0.0 0.0 0.0 0.0

CCC->CCA
815.6 67.1 18.9 9.5 5.8 4.2 3.3 2.8 2.4 2.1 1.8 1.7 1.5 1.4 1.3 1.2 1.1 0.9 0.8 0.7 0.6 0.6 0.5 0.5 0.4 0.4 0.4 0.4 0.4 0.4 0.4 0.3 0.3 0.3 0.2 0.2 0.2 0.2 0.2 0.2 0.2 0.2 0.2 0.2 0.2 0.3 0.3 0.3 0.3 0.3 0.3 0.3 0.3 0.3 0.3 0.2 0.2 0.2 0.2 0.2 0.2 0.2 0.2 0.2 0.2 0.2 0.2 0.2 0.2 0.2 0.2 0.2 0.2 0.1 0.1 0.1 0.1 0.1 0.0 0.0 0.0 0.0 0.0 0.0 0.0 0.0 0.0 0.0 0.0 0.0 0.0 0.0 0.0 0.0 0.0 0.0 0.0 0.0 0.0 0.0

GGA->GGC
361.0 30.9 8.6 4.3 2.8 2.2 1.8 1.4 1.0 0.7 0.5 0.4 0.3 0.3 0.3 0.4 0.4 0.5 0.6 0.6 0.6 0.7 0.6 0.6 0.6 0.5 0.5 0.5 0.4 0.4 0.3 0.3 0.3 0.2 0.2 0.2 0.2 0.2 0.2 0.2 0.2 0.2 0.2 0.2 0.1 0.1 0.1 0.1 0.1 0.1 0.1 0.1 0.1 0.1 0.1 0.1 0.1 0.1 0.1 0.1 0.1 0.1 0.1 0.1 0.1 0.1 0.0 0.0 0.0 0.0 0.0 0.0 0.0 0.0 0.0 0.0 0.0 0.0 0.0 0.0 0.0 0.0 0.0 0.0 0.0 0.0 0.0 0.0 0.0 0.0 0.0 0.0 0.1 0.1 0.2 0.2 0.2 0.1 0.1 0.0

GGC->GGA
1045.1 91.1 25.6 12.2 7.1 4.7 3.4 2.6 2.2 2.0 1.9 1.9 1.9 2.0 1.9 1.8 1.7 1.5 1.3 1.1 1.0 0.9 0.8 0.8 0.7 0.7 0.7 0.6 0.6 0.6 0.6 0.6 0.6 0.6 0.6 0.6 0.6 0.6 0.6 0.6 0.6 0.6 0.6 0.5 0.5 0.5 0.5 0.4 0.4 0.4 0.4 0.4 0.4 0.3 0.3 0.3 0.3 0.2 0.2 0.2 0.2 0.1 0.1 0.1 0.1 0.1 0.1 0.1 0.1 0.1 0.1 0.1 0.1 0.1 0.1 0.1 0.1 0.1 0.1 0.0 0.0 0.0 0.0 0.0 0.1 0.1 0.1 0.1 0.1 0.1 0.1 0.1 0.1 0.0 0.0 0.0 0.0 0.0 0.0 0.0

AGA->AGG
1131.3 84.2 20.9 9.7 5.6 3.7 2.7 2.2 1.9 1.7 1.7 1.6 1.6 1.6 1.5 1.4 1.4 1.3 1.2 1.1 1.1 1.0 1.0 1.0 0.9 0.9 0.9 0.9 0.8 0.8 0.8 0.7 0.7 0.6 0.6 0.5 0.5 0.4 0.4 0.3 0.3 0.3 0.3 0.3 0.3 0.3 0.3 0.3 0.3 0.3 0.3 0.3 0.3 0.4 0.4 0.4 0.4 0.4 0.4 0.3 0.3 0.3 0.3 0.3 0.2 0.2 0.2 0.2 0.2 0.2 0.2 0.1 0.1 0.1 0.1 0.1 0.1 0.1 0.1 0.0 0.0 0.0 0.0 0.0 0.0 0.0 0.0 0.0 0.1 0.1 0.1 0.1 0.1 0.1 0.1 0.1 0.0 0.0 0.0 0.0

AGG->AGA
3909.4 317.1 89.3 46.2 28.6 20.1 15.7 13.3 11.6 10.4 9.4 8.6 8.0 7.5 7.0 6.6 6.2 5.8 5.4 5.0 4.6 4.2 3.9 3.6 3.3 3.1 2.9 2.8 2.6 2.4 2.3 2.1 2.0 1.9 1.8 1.7 1.7 1.7 1.7 1.7 1.7 1.6 1.6 1.5 1.5 1.4 1.2 1.1 1.0 0.9 0.8 0.8 0.7 0.7 0.7 0.7 0.7 0.7 0.7 0.7 0.7 0.7 0.7 0.7 0.6 0.6 0.6 0.5 0.5 0.4 0.4 0.3 0.3 0.2 0.2 0.2 0.2 0.2 0.2 0.2 0.3 0.3 0.3 0.2 0.2 0.2 0.1 0.1 0.1 0.0 0.0 0.0 0.0 0.0 0.0 0.0 0.0 0.0 0.0 0.0

TCA->TCG
2711.8 214.0 59.7 33.0 22.1 15.9 11.9 9.3 7.6 6.5 5.7 5.1 4.7 4.4 4.1 3.9 3.7 3.5 3.3 3.1 2.8 2.6 2.3 2.1 1.8 1.6 1.5 1.4 1.3 1.3 1.3 1.3 1.3 1.3 1.3 1.3 1.3 1.4 1.4 1.4 1.5 1.5 1.5 1.5 1.5 1.5 1.5 1.5 1.4 1.3 1.3 1.2 1.1 1.0 0.9 0.9 0.8 0.7 0.7 0.6 0.6 0.6 0.5 0.5 0.5 0.5 0.5 0.5 0.5 0.4 0.4 0.4 0.4 0.4 0.3 0.3 0.3 0.3 0.3 0.3 0.2 0.2 0.2 0.2 0.2 0.2 0.1 0.1 0.1 0.2 0.2 0.3 0.4 0.4 0.4 0.4 0.3 0.3 0.3 0.3

TCG->TCA
11821.2 1019.2 276.1 143.1 89.4 61.4 45.2 35.3 29.1 25.0 22.1 20.0 18.3 17.0 15.9 14.9 14.0 13.1 12.3 11.4 10.5 9.7 9.0 8.4 8.0 7.6 7.4 7.2 7.1 7.0 6.9 6.7 6.5 6.3 6.0 5.7 5.3 5.0 4.7 4.3 4.0 3.8 3.5 3.3 3.2 3.1 3.0 3.0 3.0 3.0 3.1 3.1 3.1 3.1 3.1 3.0 2.9 2.8 2.6 2.5 2.3 2.1 2.0 1.8 1.7 1.6 1.6 1.5 1.5 1.5 1.5 1.5 1.5 1.5 1.4 1.3 1.2 1.1 1.0 0.9 0.9 0.8 0.8 0.8 0.7 0.7 0.6 0.6 0.5 0.5 0.4 0.4 0.3 0.3 0.3 0.3 0.4 0.4 0.3 0.2

GCA->GCC
546.1 46.1 13.3 7.2 4.6 3.2 2.4 1.8 1.5 1.2 1.0 0.9 0.7 0.6 0.6 0.5 0.5 0.5 0.4 0.4 0.4 0.4 0.4 0.4 0.4 0.4 0.4 0.4 0.4 0.3 0.3 0.3 0.3 0.3 0.3 0.3 0.3 0.3 0.2 0.2 0.2 0.2 0.1 0.1 0.1 0.1 0.1 0.1 0.1 0.1 0.1 0.2 0.2 0.2 0.2 0.2 0.2 0.2 0.2 0.2 0.1 0.1 0.1 0.1 0.1 0.1 0.1 0.1 0.1 0.1 0.1 0.1 0.1 0.1 0.1 0.1 0.1 0.0 0.0 0.0 0.0 0.0 0.0 0.0 0.0 0.0 0.0 0.0 0.0 0.1 0.1 0.1 0.1 0.1 0.1 0.1 0.1 0.0 0.0 0.0

GCC->GCA
802.5 67.9 18.5 9.5 5.9 4.2 3.2 2.6 2.1 1.8 1.6 1.4 1.4 1.4 1.4 1.4 1.4 1.3 1.2 1.1 0.9 0.8 0.7 0.6 0.5 0.5 0.5 0.4 0.4 0.5 0.5 0.5 0.5 0.6 0.6 0.6 0.7 0.7 0.7 0.6 0.6 0.6 0.5 0.5 0.5 0.4 0.4 0.4 0.3 0.3 0.3 0.3 0.3 0.3 0.3 0.2 0.2 0.2 0.2 0.1 0.1 0.1 0.1 0.1 0.1 0.1 0.1 0.1 0.1 0.1 0.1 0.1 0.1 0.1 0.1 0.1 0.0 0.0 0.0 0.0 0.0 0.0 0.0 0.0 0.0 0.0 0.0 0.0 0.0 0.0 0.0 0.0 0.0 0.0 0.0 0.0 0.0 0.0 0.0 0.0

GGA->GGG
1189.9 90.6 25.8 13.9 9.1 6.7 5.3 4.4 3.7 3.0 2.5 2.1 1.8 1.6 1.5 1.5 1.4 1.4 1.4 1.3 1.3 1.2 1.2 1.1 1.0 1.0 0.9 0.8 0.8 0.7 0.7 0.6 0.5 0.5 0.4 0.4 0.3 0.3 0.3 0.3 0.3 0.3 0.3 0.4 0.4 0.5 0.5 0.6 0.6 0.6 0.6 0.6 0.6 0.6 0.6 0.6 0.6 0.5 0.5 0.5 0.5 0.4 0.4 0.4 0.4 0.4 0.4 0.4 0.4 0.4 0.4 0.4 0.4 0.4 0.4 0.4 0.4 0.4 0.4 0.4 0.4 0.3 0.2 0.2 0.1 0.1 0.1 0.0 0.0 0.0 0.0 0.1 0.1 0.1 0.2 0.2 0.1 0.1 0.0 0.0

GGG->GGA
3785.3 318.8 86.7 44.0 27.9 20.0 15.4 12.5 10.6 9.3 8.3 7.5 6.9 6.5 6.1 5.8 5.6 5.4 5.2 5.0 4.7 4.5 4.2 3.9 3.6 3.3 3.0 2.7 2.4 2.2 2.0 1.8 1.6 1.5 1.4 1.3 1.3 1.2 1.1 1.1 1.0 1.0 1.0 1.0 0.9 0.9 0.9 0.9 0.8 0.8 0.8 0.7 0.7 0.7 0.7 0.7 0.6 0.6 0.6 0.7 0.7 0.7 0.7 0.7 0.7 0.7 0.6 0.6 0.5 0.4 0.4 0.3 0.3 0.3 0.3 0.3 0.3 0.3 0.3 0.2 0.2 0.2 0.2 0.1 0.1 0.1 0.0 0.0 0.0 0.0 0.0 0.0 0.0 0.0 0.0 0.0 0.0 0.0 0.0 0.0

ATA->ATC
129.1 9.5 2.9 1.7 1.1 0.8 0.5 0.4 0.3 0.2 0.2 0.1 0.1 0.1 0.1 0.1 0.1 0.1 0.1 0.2 0.2 0.2 0.2 0.2 0.1 0.1 0.1 0.1 0.1 0.1 0.1 0.1 0.1 0.1 0.2 0.2 0.2 0.2 0.2 0.1 0.1 0.1 0.1 0.1 0.0 0.0 0.0 0.0 0.0 0.0 0.0 0.0 0.0 0.0 0.0 0.0 0.0 0.0 0.0 0.0 0.0 0.0 0.0 0.0 0.0 0.0 0.0 0.0 0.0 0.0 0.0 0.0 0.0 0.0 0.0 0.0 0.0 0.0 0.0 0.0 0.0 0.0 0.0 0.0 0.0 0.0 0.0 0.0 0.0 0.0 0.0 0.0 0.0 0.0 0.0 0.0 0.0 0.0 0.0 0.0

ATC->ATA
772.9 61.6 16.0 7.6 4.5 3.1 2.4 2.0 1.8 1.7 1.6 1.5 1.4 1.3 1.2 1.0 0.9 0.7 0.6 0.6 0.5 0.5 0.5 0.5 0.6 0.6 0.6 0.6 0.6 0.6 0.6 0.6 0.6 0.6 0.6 0.5 0.5 0.5 0.4 0.4 0.3 0.3 0.2 0.2 0.2 0.2 0.2 0.2 0.2 0.2 0.2 0.2 0.2 0.3 0.3 0.3 0.3 0.3 0.3 0.2 0.2 0.2 0.2 0.2 0.2 0.1 0.1 0.1 0.1 0.1 0.1 0.0 0.0 0.0 0.0 0.0 0.0 0.0 0.0 0.0 0.0 0.1 0.1 0.1 0.1 0.1 0.1 0.1 0.1 0.1 0.0 0.0 0.0 0.0 0.0 0.0 0.0 0.0 0.0 0.0

ACA->ACC
504.8 39.4 11.4 6.1 3.7 2.4 1.6 1.2 1.0 0.9 0.8 0.8 0.8 0.8 0.8 0.8 0.7 0.7 0.7 0.6 0.6 0.5 0.4 0.4 0.4 0.3 0.3 0.3 0.3 0.2 0.2 0.2 0.2 0.2 0.2 0.2 0.2 0.2 0.2 0.2 0.2 0.2 0.3 0.3 0.3 0.2 0.2 0.2 0.2 0.2 0.2 0.1 0.1 0.1 0.1 0.1 0.0 0.0 0.0 0.0 0.0 0.1 0.1 0.1 0.1 0.1 0.1 0.1 0.1 0.1 0.1 0.1 0.0 0.0 0.0 0.0 0.0 0.0 0.1 0.1 0.1 0.1 0.1 0.1 0.1 0.1 0.1 0.0 0.0 0.0 0.0 0.0 0.0 0.0 0.0 0.0 0.0 0.0 0.0 0.0

ACC->ACA
872.5 73.0 20.9 11.4 7.6 5.6 4.3 3.3 2.6 2.1 1.8 1.5 1.3 1.1 1.0 0.9 0.8 0.8 0.8 0.9 0.9 1.0 1.1 1.1 1.2 1.1 1.1 1.1 1.0 0.9 0.8 0.7 0.6 0.6 0.5 0.5 0.4 0.4 0.4 0.4 0.4 0.4 0.4 0.4 0.4 0.4 0.3 0.3 0.3 0.3 0.3 0.3 0.3 0.2 0.2 0.2 0.2 0.2 0.2 0.2 0.2 0.2 0.2 0.2 0.2 0.2 0.2 0.2 0.2 0.2 0.2 0.2 0.2 0.2 0.2 0.2 0.1 0.1 0.1 0.1 0.1 0.0 0.0 0.0 0.0 0.0 0.0 0.0 0.0 0.0 0.0 0.0 0.0 0.0 0.0 0.0 0.0 0.0 0.0 0.0

TTA->TTG
985.5 81.7 24.0 11.9 6.5 3.8 2.4 1.6 1.2 0.9 0.8 0.6 0.6 0.6 0.6 0.6 0.7 0.7 0.8 0.8 0.8 0.7 0.7 0.6 0.6 0.5 0.5 0.5 0.4 0.4 0.4 0.4 0.4 0.4 0.3 0.3 0.3 0.3 0.2 0.2 0.2 0.2 0.2 0.3 0.3 0.3 0.3 0.3 0.3 0.4 0.4 0.4 0.4 0.4 0.4 0.4 0.4 0.4 0.3 0.3 0.3 0.3 0.3 0.3 0.3 0.2 0.2 0.2 0.2 0.2 0.2 0.2 0.2 0.2 0.2 0.2 0.2 0.1 0.1 0.1 0.1 0.1 0.0 0.0 0.0 0.0 0.0 0.0 0.0 0.0 0.0 0.0 0.0 0.0 0.0 0.0 0.0 0.1 0.2 0.4

TTG->TTA
2775.7 205.8 53.0 27.8 18.1 13.2 10.2 8.1 6.6 5.5 4.6 3.9 3.4 3.1 2.8 2.6 2.5 2.3 2.2 2.1 2.0 1.8 1.7 1.5 1.4 1.2 1.1 1.0 1.0 0.9 0.9 0.9 0.9 1.0 1.0 1.0 1.0 1.0 1.0 1.0 1.0 0.9 0.9 0.8 0.7 0.7 0.6 0.6 0.6 0.6 0.6 0.6 0.5 0.5 0.5 0.5 0.5 0.4 0.4 0.4 0.4 0.3 0.3 0.3 0.3 0.3 0.2 0.3 0.3 0.3 0.3 0.3 0.3 0.3 0.2 0.2 0.2 0.1 0.1 0.1 0.1 0.1 0.1 0.1 0.1 0.1 0.1 0.1 0.1 0.1 0.1 0.0 0.0 0.0 0.0 0.0 0.0 0.0 0.0 0.0

ATA->ATT
140.2 10.6 2.5 1.2 0.7 0.5 0.4 0.3 0.3 0.3 0.3 0.3 0.3 0.3 0.3 0.3 0.3 0.3 0.3 0.2 0.2 0.2 0.2 0.2 0.1 0.1 0.1 0.1 0.1 0.0 0.0 0.0 0.0 0.0 0.0 0.0 0.0 0.0 0.0 0.0 0.0 0.0 0.0 0.0 0.0 0.0 0.0 0.0 0.0 0.0 0.0 0.0 0.0 0.0 0.0 0.0 0.0 0.0 0.0 0.0 0.0 0.0 0.0 0.0 0.0 0.0 0.0 0.0 0.0 0.0 0.0 0.0 0.0 0.0 0.0 0.0 0.0 0.0 0.0 0.0 0.0 0.0 0.0 0.0 0.0 0.0 0.0 0.0 0.0 0.0 0.0 0.0 0.0 0.0 0.0 0.0 0.0 0.0 0.0 0.0

ATT->ATA
237.5 16.2 4.3 2.3 1.6 1.2 1.0 0.8 0.7 0.5 0.5 0.4 0.4 0.3 0.3 0.3 0.2 0.2 0.2 0.1 0.1 0.1 0.1 0.1 0.1 0.1 0.1 0.1 0.1 0.1 0.1 0.1 0.1 0.1 0.1 0.1 0.1 0.1 0.1 0.1 0.1 0.1 0.1 0.1 0.1 0.0 0.0 0.0 0.0 0.0 0.0 0.0 0.0 0.0 0.0 0.0 0.0 0.0 0.0 0.0 0.0 0.0 0.1 0.1 0.1 0.1 0.1 0.1 0.1 0.1 0.1 0.1 0.0 0.0 0.0 0.0 0.0 0.0 0.0 0.0 0.0 0.0 0.0 0.0 0.0 0.0 0.0 0.0 0.0 0.0 0.0 0.0 0.0 0.0 0.0 0.0 0.0 0.0 0.0 0.0

CTG->CTT
1001.0 71.0 17.8 9.7 6.4 4.6 3.4 2.6 2.1 1.8 1.6 1.5 1.5 1.5 1.5 1.5 1.5 1.4 1.4 1.4 1.3 1.2 1.1 1.0 0.9 0.8 0.6 0.5 0.4 0.3 0.3 0.2 0.2 0.1 0.1 0.1 0.1 0.1 0.2 0.2 0.2 0.2 0.3 0.3 0.4 0.4 0.4 0.5 0.5 0.5 0.5 0.5 0.5 0.5 0.4 0.4 0.3 0.3 0.3 0.2 0.2 0.2 0.2 0.2 0.2 0.2 0.2 0.2 0.2 0.2 0.2 0.2 0.2 0.2 0.1 0.1 0.1 0.1 0.0 0.0 0.0 0.0 0.0 0.0 0.0 0.0 0.1 0.1 0.1 0.1 0.1 0.1 0.1 0.1 0.1 0.0 0.0 0.0 0.0 0.0

CTT->CTG
317.6 25.1 7.2 4.2 3.0 2.1 1.5 1.0 0.7 0.6 0.5 0.4 0.4 0.3 0.3 0.3 0.2 0.2 0.2 0.1 0.1 0.1 0.1 0.1 0.1 0.1 0.1 0.1 0.1 0.1 0.1 0.1 0.1 0.1 0.1 0.1 0.1 0.1 0.1 0.1 0.1 0.1 0.1 0.1 0.2 0.2 0.2 0.2 0.3 0.3 0.3 0.3 0.3 0.3 0.3 0.3 0.2 0.2 0.2 0.2 0.2 0.1 0.1 0.1 0.1 0.0 0.0 0.0 0.0 0.0 0.0 0.0 0.0 0.0 0.0 0.0 0.0 0.0 0.0 0.0 0.0 0.0 0.0 0.0 0.0 0.0 0.0 0.0 0.0 0.0 0.0 0.0 0.0 0.0 0.0 0.0 0.0 0.0 0.0 0.0

GGA->GGT
372.6 25.9 7.6 4.4 2.8 2.0 1.4 1.1 0.9 0.7 0.7 0.6 0.6 0.6 0.5 0.5 0.5 0.4 0.3 0.3 0.2 0.2 0.1 0.1 0.0 0.0 0.0 0.0 0.0 0.0 0.0 0.0 0.0 0.0 0.0 0.0 0.0 0.0 0.1 0.1 0.1 0.1 0.1 0.1 0.1 0.1 0.1 0.0 0.0 0.0 0.0 0.0 0.0 0.0 0.0 0.0 0.0 0.0 0.0 0.0 0.0 0.0 0.0 0.1 0.1 0.1 0.1 0.1 0.1 0.2 0.2 0.2 0.1 0.1 0.1 0.1 0.1 0.1 0.1 0.1 0.1 0.1 0.1 0.1 0.1 0.1 0.1 0.1 0.0 0.0 0.0 0.0 0.0 0.0 0.0 0.0 0.0 0.0 0.0 0.0

GGT->GGA
185.2 14.0 4.2 2.5 1.6 1.2 0.9 0.7 0.6 0.5 0.4 0.4 0.4 0.4 0.4 0.4 0.3 0.3 0.3 0.3 0.2 0.2 0.2 0.2 0.2 0.2 0.2 0.2 0.2 0.2 0.2 0.3 0.3 0.3 0.2 0.2 0.2 0.1 0.1 0.1 0.1 0.0 0.0 0.0 0.0 0.0 0.0 0.0 0.0 0.0 0.0 0.0 0.1 0.1 0.1 0.1 0.1 0.1 0.1 0.1 0.1 0.1 0.0 0.0 0.0 0.0 0.0 0.0 0.0 0.0 0.0 0.0 0.0 0.0 0.0 0.0 0.0 0.0 0.0 0.0 0.0 0.0 0.0 0.0 0.0 0.0 0.0 0.0 0.0 0.1 0.1 0.1 0.1 0.1 0.1 0.1 0.0 0.0 0.0 0.0

CCC->CCG
1282.8 115.1 30.4 14.9 9.1 6.4 4.9 4.0 3.4 2.9 2.5 2.2 1.9 1.8 1.7 1.8 1.8 1.9 1.9 2.0 2.0 1.9 1.8 1.7 1.6 1.4 1.3 1.2 1.0 0.9 0.9 0.8 0.8 0.7 0.7 0.7 0.7 0.7 0.7 0.7 0.7 0.7 0.7 0.7 0.7 0.6 0.6 0.6 0.6 0.5 0.5 0.5 0.4 0.4 0.4 0.4 0.4 0.4 0.4 0.4 0.4 0.4 0.4 0.3 0.3 0.3 0.3 0.2 0.2 0.2 0.1 0.1 0.1 0.1 0.1 0.1 0.1 0.1 0.1 0.1 0.1 0.1 0.2 0.2 0.2 0.2 0.2 0.2 0.2 0.1 0.1 0.1 0.0 0.0 0.0 0.0 0.0 0.0 0.0 0.0

CCG->CCC
472.3 39.7 9.7 5.1 3.7 3.0 2.5 2.1 1.8 1.6 1.4 1.2 1.0 0.9 0.8 0.8 0.7 0.7 0.7 0.8 0.8 0.8 0.8 0.8 0.8 0.8 0.8 0.8 0.7 0.7 0.7 0.6 0.6 0.6 0.5 0.5 0.4 0.4 0.4 0.4 0.3 0.3 0.3 0.3 0.3 0.3 0.3 0.3 0.3 0.3 0.3 0.2 0.2 0.1 0.1 0.1 0.1 0.0 0.0 0.0 0.0 0.0 0.0 0.0 0.0 0.0 0.0 0.1 0.1 0.1 0.1 0.2 0.2 0.2 0.3 0.3 0.3 0.3 0.2 0.2 0.2 0.1 0.1 0.1 0.1 0.0 0.1 0.1 0.1 0.1 0.1 0.1 0.1 0.1 0.1 0.0 0.0 0.0 0.0 0.0

GTC->GTG
524.2 42.3 11.7 5.8 3.6 2.7 2.2 1.9 1.7 1.5 1.4 1.3 1.3 1.2 1.1 1.1 1.0 0.9 0.8 0.7 0.6 0.6 0.5 0.5 0.5 0.5 0.5 0.5 0.5 0.5 0.5 0.5 0.5 0.4 0.4 0.4 0.3 0.3 0.3 0.2 0.2 0.2 0.1 0.1 0.1 0.1 0.1 0.1 0.1 0.1 0.1 0.1 0.1 0.1 0.1 0.1 0.1 0.1 0.2 0.2 0.2 0.2 0.2 0.2 0.2 0.2 0.2 0.2 0.1 0.1 0.1 0.1 0.0 0.0 0.0 0.0 0.0 0.0 0.0 0.0 0.0 0.0 0.0 0.0 0.0 0.0 0.0 0.0 0.0 0.0 0.0 0.0 0.0 0.0 0.0 0.0 0.0 0.0 0.1 0.3

GTG->GTC
569.2 51.9 14.2 6.8 4.0 2.8 2.2 1.8 1.5 1.3 1.0 0.8 0.7 0.6 0.6 0.6 0.7 0.7 0.7 0.7 0.7 0.7 0.6 0.5 0.5 0.4 0.3 0.2 0.2 0.2 0.2 0.2 0.2 0.2 0.2 0.2 0.2 0.2 0.1 0.1 0.1 0.1 0.1 0.1 0.1 0.1 0.1 0.1 0.1 0.1 0.1 0.1 0.1 0.0 0.0 0.0 0.0 0.0 0.0 0.0 0.0 0.1 0.1 0.1 0.1 0.1 0.1 0.1 0.1 0.1 0.1 0.0 0.0 0.0 0.0 0.0 0.0 0.0 0.0 0.0 0.0 0.0 0.0 0.0 0.0 0.0 0.0 0.0 0.0 0.0 0.0 0.0 0.0 0.0 0.0 0.0 0.0 0.0 0.0 0.0

CGA->CGC
126.8 10.2 3.9 2.7 1.9 1.4 0.9 0.6 0.4 0.3 0.2 0.2 0.1 0.1 0.1 0.1 0.1 0.1 0.1 0.1 0.1 0.1 0.1 0.1 0.1 0.0 0.0 0.0 0.0 0.0 0.0 0.0 0.0 0.0 0.0 0.0 0.0 0.0 0.0 0.0 0.0 0.0 0.0 0.0 0.0 0.0 0.1 0.1 0.1 0.1 0.1 0.1 0.1 0.1 0.1 0.1 0.0 0.0 0.0 0.0 0.0 0.0 0.0 0.0 0.0 0.0 0.0 0.0 0.0 0.0 0.0 0.0 0.0 0.0 0.0 0.0 0.0 0.0 0.0 0.0 0.0 0.0 0.0 0.0 0.0 0.0 0.0 0.0 0.0 0.0 0.0 0.0 0.0 0.0 0.0 0.0 0.0 0.0 0.0 0.0

CGC->CGA
356.3 31.9 9.4 4.7 2.9 2.1 1.7 1.4 1.2 1.0 0.9 0.8 0.8 0.8 0.8 0.8 0.7 0.7 0.6 0.6 0.5 0.4 0.4 0.3 0.3 0.3 0.3 0.3 0.3 0.3 0.3 0.3 0.4 0.4 0.4 0.4 0.4 0.4 0.4 0.3 0.3 0.3 0.2 0.2 0.2 0.2 0.1 0.1 0.1 0.1 0.1 0.1 0.1 0.1 0.1 0.1 0.1 0.1 0.1 0.1 0.1 0.1 0.1 0.1 0.1 0.1 0.1 0.1 0.1 0.1 0.1 0.1 0.1 0.0 0.0 0.0 0.0 0.0 0.0 0.0 0.0 0.0 0.0 0.0 0.0 0.0 0.0 0.0 0.0 0.0 0.0 0.0 0.0 0.0 0.0 0.0 0.0 0.0 0.0 0.0

CTC->CTG
1008.2 78.2 22.8 12.3 7.7 5.3 4.1 3.5 3.0 2.8 2.6 2.4 2.2 2.1 2.0 1.9 1.7 1.6 1.4 1.3 1.1 1.0 0.9 0.8 0.7 0.7 0.7 0.7 0.7 0.7 0.7 0.8 0.8 0.7 0.7 0.7 0.7 0.7 0.6 0.6 0.6 0.5 0.5 0.5 0.5 0.4 0.4 0.4 0.3 0.3 0.3 0.2 0.2 0.2 0.2 0.2 0.2 0.2 0.2 0.2 0.2 0.2 0.2 0.2 0.1 0.1 0.1 0.1 0.1 0.2 0.2 0.2 0.2 0.2 0.2 0.2 0.2 0.2 0.1 0.1 0.1 0.1 0.0 0.0 0.0 0.0 0.0 0.0 0.0 0.0 0.1 0.1 0.1 0.2 0.2 0.1 0.1 0.1 0.0 0.0

CTG->CTC
1173.5 89.7 25.7 14.5 9.8 6.9 5.0 3.7 2.8 2.3 2.0 1.8 1.7 1.6 1.5 1.5 1.5 1.5 1.5 1.5 1.5 1.5 1.5 1.4 1.4 1.3 1.1 1.0 0.9 0.9 0.8 0.7 0.7 0.7 0.6 0.6 0.6 0.6 0.6 0.6 0.6 0.6 0.5 0.5 0.5 0.4 0.4 0.4 0.4 0.3 0.3 0.3 0.3 0.3 0.3 0.3 0.3 0.3 0.3 0.3 0.3 0.3 0.3 0.3 0.3 0.3 0.3 0.3 0.3 0.3 0.3 0.3 0.2 0.2 0.2 0.2 0.2 0.2 0.2 0.1 0.1 0.1 0.1 0.0 0.0 0.0 0.0 0.0 0.0 0.0 0.0 0.0 0.0 0.0 0.0 0.0 0.0 0.0 0.0 0.0

ACC->ACG
1019.3 87.8 23.1 12.3 8.3 6.0 4.5 3.4 2.6 2.2 1.8 1.6 1.5 1.3 1.2 1.0 0.9 0.8 0.7 0.7 0.7 0.7 0.7 0.8 0.9 0.9 0.9 0.9 0.9 0.9 0.8 0.8 0.7 0.6 0.5 0.4 0.3 0.3 0.2 0.2 0.2 0.2 0.2 0.2 0.2 0.3 0.3 0.3 0.3 0.3 0.3 0.3 0.3 0.3 0.2 0.2 0.2 0.1 0.1 0.1 0.0 0.0 0.0 0.0 0.0 0.0 0.0 0.0 0.0 0.0 0.0 0.0 0.0 0.1 0.1 0.1 0.1 0.2 0.2 0.2 0.2 0.2 0.3 0.3 0.3 0.3 0.3 0.3 0.3 0.3 0.3 0.3 0.2 0.2 0.1 0.1 0.0 0.0 0.0 0.0

ACG->ACC
415.9 39.7 10.9 5.3 3.4 2.5 1.9 1.6 1.4 1.3 1.3 1.3 1.2 1.2 1.1 1.0 0.9 0.8 0.7 0.5 0.4 0.3 0.3 0.2 0.2 0.1 0.1 0.1 0.1 0.1 0.1 0.1 0.1 0.1 0.1 0.1 0.1 0.1 0.1 0.1 0.1 0.1 0.1 0.1 0.1 0.1 0.1 0.1 0.1 0.1 0.1 0.1 0.1 0.0 0.0 0.0 0.0 0.0 0.0 0.0 0.0 0.0 0.0 0.0 0.0 0.0 0.0 0.0 0.0 0.0 0.0 0.0 0.0 0.0 0.0 0.0 0.0 0.1 0.1 0.1 0.1 0.1 0.1 0.1 0.1 0.1 0.1 0.0 0.0 0.0 0.0 0.0 0.0 0.0 0.0 0.0 0.0 0.1 0.2 0.4

ACA->ACT
340.7 26.5 6.6 3.7 2.9 2.5 2.1 1.8 1.6 1.4 1.2 1.1 1.0 0.8 0.7 0.6 0.5 0.4 0.3 0.2 0.2 0.1 0.1 0.1 0.1 0.0 0.0 0.0 0.1 0.1 0.1 0.1 0.1 0.1 0.1 0.1 0.1 0.1 0.2 0.2 0.2 0.2 0.2 0.2 0.2 0.1 0.1 0.1 0.1 0.1 0.1 0.0 0.0 0.0 0.0 0.0 0.0 0.0 0.0 0.0 0.0 0.0 0.1 0.1 0.1 0.1 0.1 0.1 0.1 0.1 0.1 0.0 0.0 0.0 0.0 0.0 0.0 0.0 0.0 0.0 0.0 0.0 0.0 0.0 0.0 0.0 0.0 0.0 0.0 0.0 0.0 0.0 0.0 0.0 0.0 0.0 0.0 0.0 0.0 0.0

ACT->ACA
273.7 21.4 7.1 4.1 2.6 1.8 1.2 0.8 0.5 0.4 0.3 0.2 0.2 0.2 0.2 0.2 0.2 0.2 0.2 0.2 0.2 0.1 0.1 0.1 0.1 0.1 0.1 0.1 0.2 0.2 0.2 0.2 0.2 0.2 0.2 0.2 0.2 0.2 0.2 0.2 0.2 0.2 0.1 0.1 0.1 0.1 0.1 0.1 0.1 0.1 0.1 0.1 0.1 0.1 0.1 0.1 0.1 0.1 0.1 0.1 0.0 0.0 0.0 0.0 0.1 0.1 0.1 0.1 0.1 0.1 0.1 0.1 0.1 0.1 0.1 0.1 0.1 0.1 0.1 0.1 0.1 0.1 0.1 0.1 0.0 0.0 0.0 0.0 0.0 0.0 0.0 0.0 0.0 0.0 0.0 0.0 0.0 0.0 0.0 0.0

GCC->GCG
1037.2 84.9 24.0 12.2 7.2 4.7 3.2 2.4 2.0 1.8 1.7 1.6 1.5 1.5 1.4 1.4 1.3 1.3 1.2 1.1 1.1 1.0 0.9 0.8 0.7 0.7 0.6 0.5 0.4 0.4 0.4 0.4 0.4 0.4 0.4 0.5 0.5 0.5 0.5 0.6 0.6 0.6 0.6 0.5 0.5 0.5 0.5 0.5 0.4 0.4 0.4 0.4 0.4 0.4 0.4 0.3 0.3 0.3 0.2 0.2 0.1 0.1 0.1 0.1 0.0 0.0 0.0 0.0 0.0 0.0 0.0 0.0 0.0 0.1 0.1 0.1 0.1 0.2 0.2 0.2 0.2 0.2 0.2 0.2 0.2 0.2 0.2 0.2 0.1 0.1 0.1 0.1 0.0 0.0 0.0 0.0 0.0 0.0 0.0 0.0

GCG->GCC
434.6 43.5 13.0 7.3 5.1 3.9 3.0 2.3 1.8 1.4 1.1 0.9 0.7 0.7 0.6 0.6 0.6 0.6 0.6 0.6 0.6 0.5 0.5 0.4 0.4 0.3 0.3 0.3 0.2 0.2 0.2 0.2 0.2 0.2 0.2 0.2 0.2 0.2 0.2 0.2 0.2 0.2 0.2 0.3 0.3 0.3 0.4 0.4 0.4 0.5 0.5 0.5 0.5 0.4 0.4 0.4 0.3 0.3 0.2 0.2 0.2 0.1 0.1 0.1 0.1 0.1 0.1 0.1 0.1 0.1 0.1 0.1 0.1 0.1 0.0 0.0 0.0 0.0 0.0 0.0 0.0 0.0 0.0 0.0 0.0 0.0 0.0 0.0 0.0 0.0 0.0 0.0 0.0 0.0 0.0 0.0 0.0 0.0 0.0 0.0

TCA->TCC
492.3 40.5 12.3 7.3 5.0 3.6 2.6 1.9 1.4 1.2 1.0 0.9 0.8 0.8 0.8 0.8 0.8 0.8 0.8 0.8 0.7 0.7 0.7 0.7 0.6 0.6 0.5 0.5 0.4 0.4 0.3 0.3 0.2 0.2 0.2 0.2 0.2 0.2 0.2 0.2 0.2 0.2 0.2 0.2 0.2 0.2 0.1 0.1 0.1 0.1 0.1 0.1 0.1 0.1 0.1 0.0 0.0 0.0 0.0 0.0 0.1 0.1 0.1 0.1 0.1 0.1 0.1 0.1 0.1 0.1 0.1 0.0 0.0 0.0 0.0 0.0 0.0 0.0 0.0 0.0 0.0 0.0 0.0 0.0 0.0 0.1 0.1 0.1 0.1 0.1 0.1 0.1 0.1 0.0 0.0 0.0 0.0 0.0 0.0 0.0

TCC->TCA
601.4 48.8 11.6 5.6 3.6 2.7 2.1 1.7 1.5 1.3 1.1 1.0 0.9 0.8 0.7 0.6 0.5 0.5 0.5 0.4 0.4 0.4 0.4 0.4 0.4 0.4 0.4 0.4 0.4 0.3 0.3 0.3 0.3 0.3 0.2 0.2 0.2 0.2 0.2 0.2 0.2 0.1 0.1 0.1 0.1 0.1 0.1 0.1 0.1 0.1 0.1 0.1 0.1 0.1 0.0 0.0 0.0 0.0 0.0 0.0 0.0 0.0 0.0 0.0 0.0 0.0 0.0 0.1 0.1 0.1 0.1 0.1 0.1 0.1 0.1 0.1 0.1 0.0 0.0 0.0 0.0 0.0 0.0 0.0 0.0 0.0 0.0 0.0 0.0 0.0 0.0 0.0 0.0 0.0 0.0 0.0 0.0 0.0 0.0 0.0

ACG->ACT
521.8 43.1 10.9 5.1 2.9 1.9 1.4 1.2 1.0 1.0 0.9 0.8 0.8 0.8 0.8 0.8 0.8 0.8 0.7 0.7 0.6 0.5 0.5 0.4 0.4 0.3 0.3 0.3 0.3 0.3 0.3 0.3 0.3 0.4 0.4 0.4 0.4 0.5 0.5 0.5 0.5 0.5 0.4 0.4 0.4 0.3 0.3 0.3 0.2 0.2 0.2 0.1 0.1 0.1 0.1 0.1 0.1 0.1 0.1 0.1 0.1 0.1 0.1 0.1 0.1 0.1 0.1 0.1 0.1 0.1 0.1 0.0 0.0 0.0 0.0 0.0 0.0 0.0 0.0 0.0 0.0 0.0 0.0 0.0 0.0 0.0 0.0 0.0 0.0 0.0 0.0 0.0 0.0 0.0 0.0 0.0 0.0 0.0 0.0 0.0

ACT->ACG
438.4 37.2 11.5 6.3 4.0 2.9 2.3 1.8 1.5 1.3 1.1 1.1 1.0 1.0 1.0 1.0 1.0 0.9 0.9 0.9 0.8 0.8 0.8 0.7 0.7 0.6 0.5 0.5 0.5 0.4 0.4 0.4 0.4 0.4 0.4 0.3 0.3 0.3 0.3 0.3 0.3 0.2 0.2 0.2 0.2 0.2 0.2 0.2 0.2 0.2 0.2 0.2 0.2 0.2 0.2 0.2 0.2 0.2 0.1 0.1 0.1 0.1 0.1 0.1 0.0 0.0 0.0 0.0 0.0 0.0 0.0 0.0 0.0 0.0 0.0 0.0 0.0 0.0 0.0 0.0 0.0 0.0 0.0 0.0 0.0 0.0 0.0 0.0 0.0 0.0 0.0 0.0 0.0 0.0 0.0 0.0 0.0 0.0 0.0 0.0

CGC->CGG
281.8 25.8 6.6 2.7 1.4 0.9 0.7 0.6 0.6 0.5 0.5 0.5 0.4 0.4 0.3 0.3 0.2 0.2 0.2 0.2 0.2 0.2 0.2 0.2 0.3 0.3 0.3 0.3 0.3 0.2 0.2 0.2 0.2 0.2 0.2 0.3 0.3 0.3 0.2 0.2 0.2 0.2 0.2 0.2 0.2 0.2 0.1 0.1 0.1 0.1 0.1 0.1 0.1 0.1 0.1 0.0 0.0 0.0 0.0 0.0 0.0 0.0 0.0 0.0 0.0 0.0 0.0 0.0 0.0 0.0 0.0 0.0 0.0 0.0 0.0 0.0 0.0 0.0 0.0 0.0 0.0 0.0 0.0 0.0 0.0 0.0 0.0 0.0 0.0 0.0 0.0 0.0 0.0 0.0 0.0 0.0 0.0 0.0 0.0 0.0

CGG->CGC
393.5 36.5 11.6 6.2 4.1 3.0 2.3 1.9 1.7 1.5 1.3 1.2 1.0 0.9 0.8 0.8 0.7 0.7 0.6 0.6 0.6 0.5 0.5 0.4 0.4 0.3 0.3 0.2 0.2 0.2 0.1 0.1 0.1 0.1 0.1 0.1 0.1 0.1 0.1 0.1 0.1 0.1 0.1 0.1 0.1 0.1 0.1 0.1 0.1 0.1 0.1 0.1 0.1 0.1 0.1 0.0 0.0 0.0 0.0 0.0 0.0 0.0 0.0 0.0 0.0 0.0 0.0 0.0 0.0 0.0 0.0 0.0 0.0 0.0 0.0 0.0 0.0 0.0 0.0 0.0 0.0 0.0 0.0 0.0 0.0 0.0 0.0 0.0 0.0 0.0 0.0 0.0 0.0 0.0 0.0 0.0 0.0 0.0 0.0 0.0

CCG->CCT
985.2 85.5 26.4 14.2 8.6 5.7 4.2 3.5 3.1 2.7 2.4 2.0 1.7 1.4 1.2 1.0 0.9 0.9 0.8 0.8 0.8 0.8 0.9 0.9 1.0 1.0 1.0 1.0 1.0 1.0 0.9 0.9 0.8 0.7 0.6 0.6 0.5 0.5 0.4 0.4 0.4 0.4 0.4 0.4 0.3 0.3 0.3 0.3 0.2 0.2 0.2 0.2 0.2 0.2 0.2 0.2 0.2 0.2 0.2 0.2 0.2 0.3 0.3 0.3 0.3 0.4 0.4 0.4 0.4 0.4 0.3 0.3 0.3 0.2 0.2 0.1 0.1 0.1 0.0 0.0 0.0 0.0 0.0 0.0 0.0 0.1 0.1 0.1 0.1 0.1 0.1 0.1 0.1 0.0 0.0 0.0 0.0 0.0 0.0 0.0

CCT->CCG
607.2 45.0 10.9 5.9 4.1 3.4 2.9 2.5 2.2 1.9 1.7 1.4 1.2 1.0 0.9 0.8 0.7 0.7 0.6 0.6 0.6 0.5 0.5 0.4 0.4 0.4 0.3 0.3 0.3 0.3 0.3 0.2 0.2 0.2 0.1 0.1 0.1 0.1 0.1 0.1 0.1 0.1 0.1 0.1 0.1 0.1 0.1 0.1 0.1 0.1 0.1 0.1 0.1 0.1 0.1 0.1 0.1 0.1 0.1 0.1 0.1 0.1 0.1 0.1 0.1 0.1 0.1 0.1 0.1 0.1 0.2 0.2 0.2 0.2 0.2 0.2 0.2 0.2 0.1 0.1 0.1 0.1 0.1 0.0 0.0 0.0 0.0 0.0 0.0 0.0 0.0 0.0 0.0 0.0 0.0 0.0 0.0 0.0 0.0 0.0

GCA->GCT
310.7 26.3 6.6 3.3 2.4 2.0 1.7 1.4 1.1 1.0 0.9 0.8 0.7 0.7 0.6 0.5 0.4 0.4 0.3 0.3 0.3 0.3 0.2 0.2 0.2 0.2 0.1 0.1 0.1 0.1 0.1 0.1 0.1 0.1 0.1 0.1 0.1 0.1 0.1 0.1 0.1 0.1 0.1 0.1 0.1 0.1 0.1 0.1 0.1 0.1 0.1 0.1 0.1 0.1 0.1 0.1 0.1 0.1 0.1 0.1 0.1 0.1 0.1 0.1 0.1 0.1 0.1 0.1 0.1 0.1 0.1 0.1 0.1 0.1 0.1 0.1 0.1 0.1 0.0 0.0 0.0 0.0 0.0 0.0 0.0 0.0 0.0 0.1 0.1 0.1 0.1 0.1 0.1 0.1 0.1 0.1 0.0 0.0 0.0 0.0

GCT->GCA
286.1 19.1 4.0 1.9 1.1 0.7 0.5 0.4 0.3 0.3 0.2 0.1 0.1 0.0 0.0 0.0 0.0 0.0 0.0 0.0 0.0 0.0 0.0 0.0 0.0 0.0 0.0 0.0 0.0 0.0 0.0 0.1 0.1 0.1 0.2 0.2 0.2 0.3 0.3 0.3 0.3 0.3 0.3 0.3 0.2 0.2 0.2 0.1 0.1 0.1 0.1 0.1 0.1 0.1 0.1 0.1 0.1 0.1 0.1 0.1 0.1 0.1 0.1 0.1 0.1 0.1 0.1 0.1 0.1 0.1 0.1 0.1 0.1 0.1 0.0 0.0 0.0 0.0 0.0 0.0 0.0 0.0 0.0 0.0 0.0 0.0 0.0 0.0 0.0 0.0 0.0 0.0 0.0 0.0 0.0 0.0 0.0 0.0 0.0 0.0

TCC->TCG
703.5 55.0 15.2 8.6 5.8 4.2 3.3 2.7 2.3 2.0 1.8 1.5 1.3 1.1 1.0 0.9 0.9 0.8 0.8 0.7 0.7 0.7 0.6 0.6 0.5 0.5 0.4 0.4 0.3 0.2 0.2 0.2 0.1 0.1 0.1 0.2 0.2 0.2 0.2 0.2 0.3 0.3 0.3 0.3 0.3 0.4 0.4 0.3 0.3 0.3 0.3 0.3 0.2 0.2 0.1 0.1 0.1 0.1 0.1 0.1 0.1 0.1 0.1 0.1 0.1 0.1 0.1 0.1 0.1 0.1 0.1 0.1 0.0 0.0 0.0 0.0 0.0 0.0 0.0 0.0 0.0 0.0 0.0 0.0 0.0 0.0 0.0 0.0 0.0 0.0 0.0 0.0 0.0 0.0 0.0 0.0 0.0 0.0 0.0 0.0

TCG->TCC
618.1 53.4 13.7 7.0 4.9 4.0 3.6 3.1 2.5 2.1 1.7 1.5 1.3 1.2 1.2 1.1 1.0 0.9 0.8 0.7 0.6 0.5 0.4 0.4 0.3 0.3 0.3 0.3 0.3 0.3 0.3 0.3 0.3 0.3 0.4 0.4 0.4 0.4 0.4 0.4 0.4 0.3 0.3 0.3 0.3 0.3 0.3 0.3 0.3 0.3 0.3 0.2 0.2 0.2 0.2 0.2 0.2 0.1 0.1 0.1 0.1 0.1 0.1 0.1 0.1 0.1 0.1 0.1 0.1 0.1 0.1 0.1 0.1 0.1 0.1 0.0 0.0 0.0 0.0 0.0 0.0 0.0 0.0 0.0 0.0 0.0 0.0 0.0 0.0 0.0 0.0 0.0 0.0 0.0 0.0 0.0 0.0 0.0 0.0 0.0

CCA->CCT
335.3 25.9 7.5 3.7 2.1 1.5 1.2 1.1 1.0 0.9 0.8 0.7 0.6 0.6 0.5 0.5 0.4 0.4 0.3 0.3 0.2 0.2 0.1 0.1 0.1 0.1 0.1 0.1 0.1 0.1 0.2 0.2 0.2 0.2 0.2 0.2 0.2 0.2 0.2 0.2 0.2 0.2 0.2 0.2 0.2 0.2 0.2 0.2 0.2 0.2 0.2 0.2 0.2 0.1 0.1 0.1 0.1 0.1 0.1 0.1 0.1 0.1 0.1 0.1 0.1 0.1 0.1 0.1 0.1 0.1 0.0 0.0 0.0 0.0 0.0 0.0 0.0 0.0 0.0 0.0 0.0 0.0 0.0 0.0 0.0 0.0 0.0 0.0 0.0 0.0 0.0 0.0 0.0 0.0 0.0 0.0 0.0 0.0 0.0 0.0

CCT->CCA
326.8 25.1 6.9 3.5 2.1 1.4 0.9 0.6 0.4 0.2 0.1 0.1 0.1 0.1 0.1 0.1 0.2 0.2 0.2 0.3 0.3 0.3 0.4 0.4 0.4 0.4 0.4 0.4 0.4 0.3 0.3 0.2 0.2 0.1 0.1 0.1 0.0 0.0 0.0 0.0 0.0 0.0 0.0 0.0 0.0 0.0 0.0 0.0 0.0 0.0 0.0 0.1 0.1 0.1 0.1 0.1 0.1 0.1 0.1 0.1 0.1 0.0 0.0 0.0 0.0 0.0 0.0 0.0 0.0 0.0 0.0 0.0 0.0 0.0 0.0 0.0 0.0 0.0 0.0 0.0 0.0 0.0 0.0 0.0 0.0 0.0 0.0 0.0 0.0 0.0 0.0 0.1 0.1 0.1 0.2 0.2 0.1 0.1 0.0 0.0

GGC->GGG
624.2 53.8 16.0 8.5 5.5 4.0 3.1 2.5 2.0 1.7 1.4 1.2 1.0 0.8 0.6 0.5 0.4 0.3 0.2 0.1 0.1 0.1 0.0 0.0 0.0 0.0 0.0 0.1 0.1 0.1 0.1 0.1 0.2 0.2 0.2 0.2 0.2 0.2 0.2 0.2 0.2 0.2 0.2 0.2 0.2 0.2 0.1 0.1 0.1 0.1 0.1 0.1 0.1 0.1 0.1 0.1 0.1 0.2 0.2 0.2 0.2 0.2 0.2 0.2 0.2 0.2 0.2 0.2 0.2 0.3 0.3 0.3 0.3 0.2 0.2 0.2 0.1 0.1 0.1 0.1 0.0 0.0 0.0 0.0 0.0 0.0 0.0 0.0 0.0 0.0 0.0 0.0 0.0 0.0 0.0 0.0 0.0 0.1 0.3 0.3

GGG->GGC
698.2 53.7 15.6 8.5 5.5 3.9 3.0 2.4 1.9 1.6 1.3 1.1 0.9 0.9 0.8 0.8 0.8 0.7 0.7 0.7 0.7 0.7 0.7 0.6 0.6 0.6 0.6 0.6 0.7 0.7 0.8 0.8 0.9 0.9 0.9 0.9 0.9 0.9 0.8 0.7 0.7 0.6 0.5 0.4 0.4 0.3 0.3 0.2 0.2 0.1 0.1 0.1 0.1 0.1 0.0 0.0 0.0 0.0 0.0 0.0 0.0 0.0 0.0 0.0 0.0 0.0 0.0 0.0 0.0 0.0 0.0 0.0 0.1 0.1 0.1 0.1 0.1 0.1 0.1 0.1 0.1 0.1 0.0 0.0 0.0 0.0 0.0 0.0 0.0 0.0 0.0 0.0 0.0 0.0 0.0 0.0 0.0 0.0 0.0 0.0

CTA->TTA
1244.0 102.2 29.5 15.7 10.0 7.2 5.6 4.6 4.0 3.6 3.2 2.9 2.6 2.3 2.1 1.8 1.6 1.4 1.3 1.2 1.2 1.2 1.3 1.3 1.4 1.4 1.4 1.4 1.4 1.3 1.2 1.1 1.0 0.9 0.8 0.7 0.7 0.6 0.5 0.5 0.5 0.4 0.4 0.4 0.3 0.3 0.3 0.3 0.2 0.2 0.2 0.2 0.2 0.2 0.2 0.2 0.2 0.2 0.2 0.2 0.2 0.2 0.1 0.1 0.1 0.1 0.1 0.0 0.0 0.0 0.1 0.1 0.1 0.1 0.1 0.1 0.1 0.1 0.2 0.2 0.2 0.1 0.1 0.1 0.1 0.1 0.0 0.0 0.0 0.0 0.0 0.0 0.0 0.0 0.0 0.0 0.0 0.0 0.0 0.0

TTA->CTA
419.4 35.5 11.0 5.9 3.6 2.4 1.6 1.1 0.7 0.5 0.3 0.3 0.2 0.2 0.2 0.3 0.3 0.3 0.3 0.3 0.3 0.3 0.3 0.3 0.3 0.2 0.2 0.1 0.1 0.1 0.1 0.0 0.0 0.0 0.0 0.1 0.1 0.1 0.1 0.1 0.1 0.2 0.2 0.2 0.2 0.2 0.3 0.3 0.3 0.3 0.3 0.3 0.3 0.2 0.2 0.2 0.2 0.2 0.1 0.1 0.1 0.1 0.1 0.1 0.1 0.2 0.2 0.2 0.2 0.2 0.2 0.1 0.1 0.1 0.1 0.1 0.1 0.1 0.1 0.1 0.1 0.1 0.1 0.1 0.1 0.1 0.1 0.1 0.0 0.0 0.0 0.0 0.0 0.0 0.0 0.0 0.0 0.0 0.0 0.0

GCG->GCT
561.5 47.5 12.0 6.0 3.8 2.8 2.2 1.8 1.5 1.3 1.2 1.1 1.0 0.9 0.8 0.8 0.8 0.8 0.9 0.9 0.9 1.0 1.0 0.9 0.9 0.9 0.8 0.7 0.7 0.6 0.6 0.5 0.5 0.5 0.5 0.5 0.5 0.4 0.4 0.4 0.4 0.4 0.4 0.4 0.4 0.3 0.3 0.3 0.3 0.3 0.2 0.2 0.2 0.2 0.2 0.2 0.1 0.1 0.1 0.1 0.1 0.1 0.1 0.1 0.1 0.1 0.1 0.1 0.1 0.1 0.1 0.0 0.0 0.0 0.0 0.0 0.0 0.0 0.0 0.0 0.0 0.0 0.0 0.0 0.0 0.0 0.0 0.0 0.0 0.0 0.0 0.0 0.0 0.0 0.0 0.0 0.0 0.0 0.0 0.0

GCT->GCG
367.7 28.2 6.2 2.7 1.6 1.1 0.9 0.8 0.8 0.9 0.9 0.9 0.9 0.9 0.8 0.8 0.7 0.7 0.6 0.6 0.6 0.6 0.5 0.5 0.5 0.4 0.4 0.3 0.3 0.3 0.2 0.2 0.2 0.1 0.1 0.1 0.1 0.2 0.2 0.2 0.2 0.2 0.2 0.2 0.2 0.2 0.2 0.2 0.2 0.1 0.1 0.1 0.1 0.2 0.2 0.2 0.2 0.2 0.2 0.2 0.2 0.2 0.2 0.2 0.1 0.1 0.1 0.1 0.1 0.0 0.0 0.0 0.0 0.0 0.0 0.0 0.0 0.0 0.0 0.0 0.0 0.0 0.0 0.0 0.0 0.0 0.0 0.0 0.0 0.0 0.0 0.0 0.0 0.0 0.0 0.0 0.0 0.0 0.0 0.0

AGG->CGG
639.0 51.3 14.8 7.9 5.2 4.0 3.3 2.9 2.4 2.0 1.6 1.3 1.1 0.9 0.9 0.9 0.9 0.9 0.9 0.8 0.8 0.8 0.7 0.7 0.6 0.6 0.5 0.5 0.4 0.4 0.4 0.3 0.3 0.3 0.3 0.2 0.2 0.2 0.2 0.2 0.2 0.2 0.2 0.2 0.2 0.2 0.2 0.2 0.2 0.2 0.2 0.2 0.2 0.2 0.2 0.2 0.2 0.1 0.1 0.1 0.1 0.1 0.0 0.0 0.0 0.0 0.0 0.0 0.0 0.0 0.0 0.0 0.0 0.0 0.0 0.0 0.0 0.0 0.0 0.0 0.0 0.0 0.0 0.0 0.0 0.0 0.0 0.0 0.0 0.0 0.0 0.0 0.0 0.0 0.0 0.0 0.0 0.0 0.0 0.0

CGG->AGG
1103.7 95.2 26.1 13.5 8.4 5.9 4.4 3.5 2.8 2.4 2.1 2.0 1.8 1.7 1.6 1.5 1.3 1.2 1.1 1.0 1.0 0.9 0.9 0.9 0.9 0.8 0.8 0.8 0.7 0.7 0.7 0.6 0.6 0.6 0.6 0.6 0.5 0.5 0.5 0.5 0.4 0.4 0.4 0.4 0.4 0.4 0.4 0.4 0.4 0.4 0.4 0.4 0.4 0.3 0.3 0.3 0.2 0.2 0.2 0.1 0.1 0.1 0.1 0.1 0.1 0.1 0.1 0.1 0.1 0.1 0.2 0.2 0.2 0.2 0.2 0.2 0.1 0.1 0.1 0.1 0.1 0.1 0.1 0.2 0.2 0.2 0.2 0.2 0.2 0.2 0.1 0.1 0.1 0.0 0.0 0.0 0.0 0.0 0.0 0.0

AGA->CGA
620.9 44.1 11.8 6.8 4.6 3.2 2.3 1.6 1.3 1.1 1.0 1.0 1.0 1.0 0.9 0.9 0.9 1.0 0.9 0.9 0.9 0.8 0.7 0.6 0.5 0.4 0.3 0.2 0.2 0.1 0.1 0.1 0.1 0.1 0.1 0.1 0.1 0.1 0.2 0.2 0.2 0.2 0.2 0.2 0.2 0.2 0.2 0.2 0.2 0.2 0.2 0.2 0.2 0.2 0.2 0.2 0.2 0.1 0.1 0.1 0.1 0.1 0.1 0.1 0.1 0.1 0.0 0.0 0.0 0.0 0.0 0.0 0.0 0.0 0.0 0.0 0.0 0.0 0.0 0.0 0.0 0.0 0.0 0.0 0.0 0.0 0.0 0.0 0.0 0.0 0.0 0.0 0.0 0.0 0.0 0.0 0.0 0.0 0.0 0.0

CGA->AGA
755.8 68.4 17.7 8.7 5.7 4.3 3.4 2.8 2.3 1.9 1.5 1.2 1.0 0.8 0.7 0.5 0.5 0.4 0.4 0.4 0.4 0.4 0.4 0.4 0.4 0.5 0.5 0.5 0.5 0.5 0.5 0.5 0.5 0.5 0.5 0.5 0.5 0.5 0.5 0.5 0.5 0.5 0.4 0.4 0.3 0.3 0.3 0.2 0.2 0.1 0.1 0.1 0.0 0.0 0.0 0.0 0.0 0.0 0.0 0.0 0.0 0.0 0.0 0.0 0.0 0.0 0.0 0.0 0.1 0.1 0.1 0.1 0.1 0.1 0.1 0.1 0.1 0.1 0.0 0.0 0.0 0.0 0.0 0.0 0.0 0.0 0.0 0.0 0.0 0.0 0.0 0.0 0.0 0.0 0.0 0.0 0.0 0.0 0.0 0.0

CGG->CGT
452.3 35.9 9.3 4.2 2.6 2.0 1.7 1.5 1.2 1.0 0.8 0.6 0.4 0.3 0.3 0.2 0.2 0.1 0.1 0.1 0.1 0.1 0.1 0.1 0.1 0.1 0.1 0.1 0.1 0.0 0.0 0.0 0.0 0.0 0.0 0.0 0.0 0.0 0.0 0.0 0.0 0.0 0.0 0.0 0.0 0.0 0.0 0.0 0.0 0.0 0.0 0.0 0.0 0.0 0.0 0.0 0.0 0.0 0.0 0.0 0.0 0.0 0.0 0.0 0.1 0.1 0.1 0.1 0.1 0.2 0.2 0.2 0.2 0.1 0.1 0.1 0.1 0.1 0.1 0.0 0.0 0.0 0.0 0.0 0.0 0.0 0.0 0.0 0.0 0.0 0.0 0.0 0.0 0.0 0.0 0.0 0.0 0.0 0.0 0.0

CGT->CGG
70.1 6.5 1.6 0.8 0.4 0.2 0.1 0.1 0.0 0.0 0.0 0.0 0.0 0.0 0.0 0.0 0.0 0.1 0.1 0.1 0.1 0.1 0.1 0.1 0.1 0.1 0.1 0.0 0.0 0.0 0.0 0.0 0.0 0.0 0.0 0.0 0.0 0.0 0.0 0.0 0.0 0.0 0.0 0.0 0.0 0.0 0.0 0.0 0.0 0.0 0.0 0.0 0.0 0.0 0.0 0.0 0.0 0.0 0.0 0.0 0.0 0.0 0.0 0.0 0.0 0.0 0.0 0.0 0.0 0.0 0.0 0.0 0.0 0.0 0.0 0.0 0.0 0.0 0.0 0.0 0.0 0.0 0.0 0.0 0.0 0.0 0.0 0.0 0.0 0.0 0.0 0.0 0.0 0.0 0.0 0.0 0.0 0.0 0.0 0.0

CGA->CGT
87.7 6.8 1.9 0.8 0.5 0.4 0.4 0.4 0.4 0.4 0.4 0.3 0.2 0.2 0.1 0.1 0.0 0.0 0.0 0.0 0.0 0.0 0.0 0.0 0.1 0.1 0.1 0.1 0.1 0.1 0.1 0.1 0.2 0.2 0.2 0.2 0.2 0.2 0.2 0.2 0.2 0.2 0.2 0.2 0.2 0.1 0.1 0.1 0.1 0.0 0.0 0.0 0.0 0.0 0.0 0.0 0.0 0.0 0.0 0.0 0.0 0.0 0.0 0.0 0.0 0.0 0.0 0.0 0.0 0.0 0.0 0.0 0.0 0.0 0.0 0.0 0.0 0.0 0.0 0.0 0.0 0.0 0.0 0.0 0.0 0.0 0.0 0.0 0.0 0.0 0.0 0.0 0.0 0.0 0.0 0.0 0.0 0.0 0.0 0.0

CGT->CGA
74.4 5.9 1.2 0.4 0.1 0.0 0.0 0.0 0.0 0.0 0.0 0.0 0.0 0.0 0.0 0.1 0.1 0.1 0.1 0.2 0.2 0.2 0.3 0.3 0.3 0.3 0.3 0.3 0.3 0.3 0.2 0.2 0.2 0.2 0.2 0.1 0.1 0.1 0.1 0.1 0.0 0.0 0.0 0.0 0.0 0.0 0.0 0.0 0.0 0.0 0.0 0.0 0.0 0.0 0.0 0.0 0.0 0.0 0.0 0.0 0.0 0.0 0.0 0.0 0.0 0.0 0.0 0.0 0.0 0.0 0.0 0.0 0.0 0.0 0.0 0.0 0.0 0.0 0.0 0.0 0.0 0.0 0.0 0.0 0.0 0.0 0.0 0.0 0.0 0.0 0.0 0.0 0.0 0.0 0.0 0.0 0.0 0.0 0.0 0.0

GTA->GTT
131.8 9.3 1.7 0.6 0.3 0.3 0.2 0.2 0.2 0.2 0.2 0.2 0.1 0.1 0.1 0.1 0.1 0.1 0.1 0.1 0.1 0.1 0.1 0.1 0.1 0.1 0.1 0.1 0.1 0.1 0.1 0.1 0.1 0.1 0.1 0.1 0.1 0.1 0.1 0.1 0.1 0.1 0.1 0.1 0.0 0.0 0.1 0.1 0.1 0.1 0.1 0.1 0.1 0.1 0.1 0.1 0.1 0.0 0.0 0.0 0.0 0.0 0.0 0.0 0.0 0.0 0.0 0.0 0.0 0.0 0.0 0.0 0.0 0.0 0.0 0.0 0.0 0.0 0.0 0.0 0.0 0.0 0.0 0.0 0.0 0.0 0.0 0.0 0.0 0.0 0.0 0.0 0.0 0.0 0.0 0.0 0.0 0.0 0.0 0.0

GTT->GTA
132.2 8.8 2.0 1.1 0.8 0.7 0.5 0.4 0.3 0.2 0.2 0.2 0.2 0.2 0.2 0.2 0.2 0.1 0.1 0.1 0.1 0.1 0.1 0.1 0.1 0.1 0.1 0.1 0.1 0.1 0.1 0.1 0.1 0.1 0.1 0.1 0.1 0.1 0.1 0.1 0.1 0.1 0.1 0.1 0.1 0.1 0.1 0.1 0.1 0.0 0.0 0.0 0.0 0.0 0.0 0.0 0.0 0.0 0.0 0.0 0.0 0.0 0.0 0.0 0.0 0.0 0.0 0.0 0.0 0.0 0.0 0.0 0.0 0.0 0.0 0.0 0.0 0.0 0.0 0.0 0.0 0.0 0.0 0.0 0.0 0.0 0.0 0.0 0.0 0.0 0.0 0.0 0.0 0.0 0.0 0.0 0.0 0.0 0.0 0.0

GTA->GTC
111.9 9.8 2.9 1.5 1.0 0.9 0.8 0.8 0.7 0.6 0.5 0.4 0.3 0.3 0.3 0.2 0.2 0.2 0.2 0.1 0.1 0.1 0.1 0.1 0.1 0.1 0.1 0.1 0.1 0.1 0.1 0.1 0.1 0.1 0.1 0.0 0.0 0.0 0.0 0.0 0.0 0.0 0.0 0.0 0.0 0.0 0.0 0.0 0.0 0.0 0.0 0.0 0.0 0.1 0.1 0.1 0.1 0.1 0.1 0.1 0.1 0.1 0.1 0.0 0.0 0.0 0.0 0.0 0.0 0.0 0.0 0.0 0.0 0.0 0.0 0.0 0.0 0.0 0.0 0.0 0.0 0.0 0.0 0.0 0.0 0.0 0.0 0.0 0.0 0.0 0.0 0.0 0.0 0.0 0.0 0.0 0.0 0.0 0.0 0.0

GTC->GTA
418.0 30.4 8.0 4.7 3.2 2.2 1.4 1.0 0.8 0.6 0.6 0.5 0.5 0.4 0.4 0.4 0.4 0.4 0.5 0.5 0.6 0.6 0.6 0.6 0.5 0.5 0.4 0.4 0.3 0.3 0.3 0.3 0.3 0.3 0.3 0.3 0.3 0.3 0.3 0.3 0.3 0.3 0.2 0.2 0.2 0.2 0.2 0.2 0.2 0.1 0.1 0.1 0.1 0.1 0.1 0.1 0.1 0.1 0.1 0.1 0.1 0.1 0.1 0.1 0.1 0.1 0.1 0.0 0.0 0.0 0.0 0.0 0.0 0.0 0.0 0.0 0.0 0.0 0.0 0.0 0.0 0.0 0.0 0.0 0.0 0.0 0.0 0.0 0.0 0.0 0.0 0.0 0.0 0.0 0.0 0.0 0.0 0.0 0.0 0.0

TCG->TCT
717.0 55.7 15.7 9.1 5.9 4.1 3.0 2.5 2.2 1.9 1.8 1.6 1.4 1.3 1.1 0.9 0.8 0.6 0.5 0.4 0.4 0.4 0.3 0.3 0.3 0.3 0.3 0.3 0.3 0.4 0.4 0.4 0.4 0.4 0.4 0.5 0.5 0.5 0.5 0.5 0.4 0.4 0.4 0.3 0.3 0.3 0.2 0.2 0.2 0.2 0.2 0.2 0.2 0.2 0.2 0.2 0.2 0.2 0.2 0.2 0.2 0.2 0.3 0.3 0.3 0.3 0.3 0.2 0.2 0.2 0.2 0.1 0.1 0.1 0.0 0.0 0.0 0.0 0.0 0.0 0.0 0.0 0.0 0.0 0.0 0.0 0.0 0.0 0.0 0.0 0.0 0.0 0.0 0.0 0.0 0.0 0.0 0.0 0.0 0.0

TCT->TCG
606.2 45.4 13.2 7.5 4.8 3.2 2.2 1.5 1.1 0.8 0.7 0.6 0.5 0.6 0.6 0.6 0.7 0.7 0.7 0.8 0.8 0.8 0.8 0.8 0.7 0.7 0.7 0.6 0.6 0.6 0.6 0.6 0.6 0.5 0.5 0.4 0.4 0.3 0.2 0.2 0.1 0.1 0.1 0.1 0.1 0.1 0.1 0.1 0.1 0.1 0.1 0.1 0.1 0.1 0.1 0.1 0.1 0.1 0.1 0.1 0.1 0.0 0.0 0.0 0.0 0.0 0.0 0.0 0.0 0.0 0.0 0.0 0.0 0.0 0.0 0.0 0.0 0.0 0.0 0.0 0.0 0.1 0.1 0.1 0.1 0.1 0.1 0.1 0.1 0.1 0.0 0.0 0.0 0.0 0.1 0.1 0.2 0.2 0.2 0.1

CTA->CTT
99.0 8.1 2.3 1.1 0.8 0.6 0.5 0.3 0.2 0.2 0.1 0.1 0.1 0.1 0.1 0.1 0.1 0.1 0.1 0.0 0.0 0.0 0.1 0.1 0.1 0.1 0.1 0.2 0.2 0.2 0.2 0.2 0.1 0.1 0.1 0.1 0.1 0.0 0.0 0.0 0.0 0.0 0.0 0.0 0.0 0.0 0.0 0.1 0.1 0.1 0.1 0.1 0.1 0.1 0.1 0.1 0.1 0.0 0.0 0.0 0.0 0.0 0.0 0.0 0.0 0.0 0.0 0.0 0.0 0.0 0.0 0.0 0.0 0.0 0.0 0.0 0.0 0.0 0.0 0.0 0.0 0.0 0.0 0.0 0.0 0.0 0.0 0.0 0.0 0.0 0.0 0.0 0.0 0.0 0.0 0.0 0.0 0.0 0.0 0.0

CTT->CTA
151.9 10.9 2.6 1.4 0.8 0.5 0.4 0.2 0.2 0.1 0.1 0.1 0.1 0.1 0.1 0.1 0.2 0.2 0.2 0.2 0.2 0.2 0.2 0.2 0.2 0.2 0.1 0.1 0.1 0.1 0.1 0.1 0.1 0.1 0.1 0.1 0.1 0.1 0.1 0.1 0.1 0.1 0.1 0.1 0.0 0.0 0.0 0.0 0.0 0.0 0.0 0.0 0.0 0.0 0.0 0.0 0.0 0.0 0.1 0.1 0.1 0.1 0.1 0.1 0.1 0.1 0.1 0.1 0.0 0.0 0.0 0.0 0.0 0.0 0.0 0.0 0.0 0.0 0.0 0.0 0.0 0.0 0.0 0.0 0.0 0.0 0.0 0.0 0.0 0.0 0.0 0.0 0.0 0.0 0.0 0.0 0.0 0.0 0.0 0.0

GGG->GGT
937.9 73.6 18.9 9.3 6.0 4.7 3.9 3.4 2.9 2.5 2.1 1.8 1.5 1.3 1.2 1.1 1.0 1.0 1.0 1.0 1.0 1.0 0.9 0.9 0.8 0.7 0.6 0.5 0.5 0.4 0.4 0.4 0.3 0.3 0.3 0.3 0.3 0.3 0.3 0.3 0.3 0.3 0.3 0.3 0.3 0.2 0.2 0.2 0.2 0.2 0.2 0.1 0.1 0.1 0.1 0.1 0.1 0.1 0.1 0.1 0.2 0.2 0.2 0.2 0.2 0.2 0.1 0.1 0.1 0.1 0.1 0.1 0.1 0.1 0.1 0.1 0.1 0.1 0.1 0.1 0.1 0.1 0.0 0.0 0.0 0.0 0.0 0.0 0.0 0.0 0.0 0.0 0.0 0.0 0.0 0.0 0.0 0.0 0.0 0.0

GGT->GGG
211.1 26.5 8.3 3.9 2.6 2.3 2.3 2.2 2.1 1.8 1.5 1.2 1.0 0.8 0.7 0.6 0.5 0.5 0.4 0.4 0.4 0.3 0.3 0.3 0.3 0.2 0.2 0.2 0.2 0.2 0.2 0.2 0.2 0.2 0.2 0.2 0.1 0.1 0.1 0.1 0.1 0.1 0.1 0.1 0.1 0.1 0.1 0.1 0.1 0.1 0.1 0.1 0.1 0.1 0.0 0.0 0.0 0.0 0.0 0.0 0.0 0.0 0.0 0.0 0.1 0.1 0.1 0.1 0.1 0.1 0.1 0.1 0.1 0.1 0.0 0.0 0.0 0.0 0.0 0.0 0.0 0.0 0.0 0.0 0.0 0.0 0.0 0.0 0.0 0.0 0.0 0.0 0.0 0.0 0.0 0.0 0.0 0.0 0.0 0.0

CTA->CTC
164.6 11.9 3.0 1.6 1.0 0.7 0.6 0.5 0.4 0.4 0.3 0.3 0.2 0.2 0.2 0.2 0.2 0.2 0.2 0.2 0.2 0.2 0.2 0.2 0.2 0.2 0.2 0.2 0.2 0.2 0.2 0.1 0.1 0.1 0.2 0.2 0.2 0.2 0.2 0.2 0.2 0.2 0.2 0.2 0.2 0.2 0.2 0.2 0.2 0.1 0.1 0.1 0.1 0.0 0.0 0.0 0.0 0.0 0.0 0.0 0.0 0.0 0.0 0.0 0.0 0.0 0.0 0.0 0.0 0.0 0.0 0.0 0.0 0.0 0.0 0.0 0.0 0.0 0.0 0.0 0.0 0.0 0.0 0.0 0.0 0.0 0.0 0.0 0.0 0.0 0.0 0.0 0.0 0.0 0.0 0.0 0.0 0.0 0.0 0.0

CTC->CTA
447.5 36.7 9.4 4.3 2.4 1.5 1.1 0.8 0.6 0.5 0.4 0.4 0.4 0.5 0.5 0.6 0.6 0.6 0.6 0.6 0.5 0.4 0.4 0.3 0.3 0.3 0.3 0.3 0.3 0.3 0.3 0.3 0.3 0.3 0.3 0.3 0.3 0.2 0.2 0.2 0.2 0.2 0.2 0.2 0.2 0.2 0.2 0.2 0.2 0.2 0.2 0.3 0.3 0.3 0.3 0.3 0.3 0.3 0.3 0.2 0.2 0.2 0.2 0.2 0.1 0.1 0.1 0.1 0.0 0.0 0.0 0.0 0.0 0.0 0.0 0.0 0.0 0.0 0.0 0.0 0.0 0.0 0.0 0.0 0.0 0.0 0.0 0.0 0.0 0.0 0.0 0.0 0.0 0.0 0.0 0.0 0.0 0.0 0.0 0.0

TCA->TCT
390.4 30.5 6.5 2.4 1.1 0.6 0.4 0.3 0.3 0.4 0.4 0.4 0.4 0.4 0.3 0.3 0.3 0.3 0.3 0.3 0.3 0.3 0.3 0.3 0.3 0.3 0.3 0.2 0.2 0.2 0.2 0.2 0.1 0.1 0.1 0.1 0.1 0.0 0.0 0.0 0.1 0.1 0.1 0.1 0.1 0.1 0.1 0.1 0.1 0.1 0.1 0.0 0.0 0.0 0.0 0.0 0.0 0.0 0.1 0.1 0.1 0.1 0.2 0.2 0.2 0.3 0.3 0.3 0.3 0.3 0.2 0.2 0.2 0.2 0.2 0.1 0.1 0.1 0.1 0.1 0.0 0.0 0.0 0.0 0.0 0.0 0.0 0.0 0.0 0.0 0.0 0.0 0.0 0.0 0.0 0.0 0.0 0.0 0.0 0.0

TCT->TCA
276.5 23.4 6.7 3.6 2.3 1.6 1.1 0.8 0.6 0.5 0.4 0.3 0.3 0.2 0.2 0.2 0.1 0.1 0.1 0.1 0.1 0.1 0.1 0.1 0.1 0.1 0.1 0.1 0.1 0.1 0.1 0.1 0.1 0.1 0.1 0.1 0.1 0.1 0.0 0.0 0.0 0.1 0.1 0.1 0.1 0.1 0.1 0.1 0.1 0.1 0.1 0.1 0.1 0.1 0.1 0.1 0.1 0.1 0.1 0.1 0.1 0.1 0.1 0.1 0.1 0.1 0.1 0.1 0.1 0.1 0.1 0.1 0.1 0.1 0.1 0.1 0.0 0.0 0.0 0.0 0.0 0.0 0.0 0.0 0.0 0.0 0.0 0.0 0.0 0.0 0.0 0.0 0.0 0.0 0.0 0.0 0.0 0.0 0.0 0.0

